1|2|5
1|3|9
1|4|2
1|5|1
1|6|4
1|7|6
1|8|1
1|9|5
1|10|6
1|11|1
1|12|9
1|13|10
1|14|1
1|15|2
1|16|7
1|17|8
1|18|9
1|19|8
1|20|10
1|21|5
1|22|9
1|23|2
1|24|1
1|25|5
1|26|10
1|27|2
1|28|5
1|29|5
1|30|4
1|31|4
1|32|8
1|33|2
1|34|7
1|35|6
1|36|10
1|37|8
1|38|1
1|39|2
1|40|6
1|41|6
1|42|6
1|43|2
1|44|6
1|45|10
1|46|10
1|47|7
1|48|9
1|49|5
1|50|2
1|51|4
1|52|6
1|53|7
1|54|8
1|55|10
1|56|8
1|57|4
1|58|2
1|59|9
1|60|1
1|61|2
1|62|3
1|63|9
1|64|6
1|65|3
1|66|7
1|67|7
1|68|2
1|69|2
1|70|8
1|71|2
1|72|5
1|73|10
1|74|9
1|75|4
1|76|9
1|77|5
1|78|5
1|79|1
1|80|4
1|81|7
1|82|7
1|83|6
1|84|6
1|85|10
1|86|7
1|87|7
1|88|6
1|89|10
1|90|6
1|91|5
1|92|9
1|93|9
1|94|8
1|95|9
1|96|10
1|97|4
1|98|6
1|99|10
1|100|2
2|3|10
2|4|3
2|5|2
2|6|4
2|7|2
2|8|3
2|9|1
2|10|3
2|11|3
2|12|3
2|13|5
2|14|7
2|15|10
2|16|1
2|17|7
2|18|10
2|19|6
2|20|8
2|21|6
2|22|2
2|23|9
2|24|10
2|25|3
2|26|9
2|27|2
2|28|9
2|29|6
2|30|6
2|31|1
2|32|8
2|33|8
2|34|9
2|35|3
2|36|10
2|37|8
2|38|10
2|39|5
2|40|9
2|41|7
2|42|3
2|43|10
2|44|5
2|45|5
2|46|6
2|47|8
2|48|9
2|49|5
2|50|7
2|51|8
2|52|2
2|53|6
2|54|6
2|55|7
2|56|7
2|57|3
2|58|8
2|59|5
2|60|1
2|61|4
2|62|10
2|63|1
2|64|1
2|65|4
2|66|9
2|67|9
2|68|7
2|69|8
2|70|6
2|71|10
2|72|4
2|73|5
2|74|9
2|75|3
2|76|5
2|77|9
2|78|10
2|79|5
2|80|2
2|81|1
2|82|3
2|83|4
2|84|10
2|85|7
2|86|2
2|87|9
2|88|4
2|89|7
2|90|6
2|91|2
2|92|6
2|93|3
2|94|10
2|95|8
2|96|2
2|97|10
2|98|9
2|99|2
2|100|9
3|4|7
3|5|1
3|6|7
3|7|5
3|8|2
3|9|4
3|10|5
3|11|2
3|12|6
3|13|5
3|14|4
3|15|4
3|16|6
3|17|5
3|18|4
3|19|10
3|20|1
3|21|5
3|22|8
3|23|2
3|24|10
3|25|6
3|26|4
3|27|3
3|28|9
3|29|9
3|30|8
3|31|1
3|32|5
3|33|4
3|34|6
3|35|3
3|36|2
3|37|6
3|38|10
3|39|7
3|40|4
3|41|9
3|42|2
3|43|8
3|44|2
3|45|1
3|46|9
3|47|10
3|48|1
3|49|9
3|50|7
3|51|8
3|52|3
3|53|10
3|54|8
3|55|2
3|56|4
3|57|9
3|58|9
3|59|6
3|60|2
3|61|6
3|62|8
3|63|1
3|64|2
3|65|1
3|66|3
3|67|9
3|68|2
3|69|6
3|70|1
3|71|10
3|72|1
3|73|5
3|74|7
3|75|8
3|76|6
3|77|3
3|78|8
3|79|9
3|80|7
3|81|9
3|82|4
3|83|10
3|84|5
3|85|3
3|86|10
3|87|8
3|88|10
3|89|2
3|90|5
3|91|6
3|92|10
3|93|7
3|94|10
3|95|10
3|96|2
3|97|1
3|98|1
3|99|1
3|100|4
4|5|3
4|6|3
4|7|10
4|8|1
4|9|8
4|10|9
4|11|10
4|12|10
4|13|8
4|14|4
4|15|10
4|16|2
4|17|5
4|18|6
4|19|2
4|20|7
4|21|2
4|22|10
4|23|5
4|24|9
4|25|6
4|26|1
4|27|2
4|28|7
4|29|6
4|30|10
4|31|8
4|32|2
4|33|10
4|34|6
4|35|9
4|36|10
4|37|9
4|38|9
4|39|4
4|40|4
4|41|9
4|42|1
4|43|6
4|44|8
4|45|7
4|46|5
4|47|3
4|48|1
4|49|8
4|50|4
4|51|8
4|52|9
4|53|2
4|54|5
4|55|4
4|56|3
4|57|9
4|58|1
4|59|6
4|60|2
4|61|4
4|62|8
4|63|1
4|64|6
4|65|7
4|66|8
4|67|3
4|68|6
4|69|3
4|70|6
4|71|8
4|72|7
4|73|4
4|74|10
4|75|8
4|76|4
4|77|4
4|78|8
4|79|7
4|80|3
4|81|8
4|82|8
4|83|3
4|84|2
4|85|5
4|86|5
4|87|2
4|88|5
4|89|1
4|90|4
4|91|1
4|92|8
4|93|9
4|94|10
4|95|4
4|96|5
4|97|5
4|98|2
4|99|5
4|100|10
5|6|10
5|7|4
5|8|10
5|9|3
5|10|4
5|11|5
5|12|9
5|13|2
5|14|10
5|15|2
5|16|9
5|17|1
5|18|10
5|19|3
5|20|5
5|21|7
5|22|6
5|23|8
5|24|3
5|25|8
5|26|3
5|27|7
5|28|5
5|29|10
5|30|9
5|31|2
5|32|9
5|33|1
5|34|4
5|35|2
5|36|3
5|37|2
5|38|8
5|39|7
5|40|3
5|41|4
5|42|6
5|43|8
5|44|10
5|45|7
5|46|9
5|47|4
5|48|9
5|49|4
5|50|1
5|51|2
5|52|5
5|53|8
5|54|6
5|55|3
5|56|4
5|57|3
5|58|5
5|59|2
5|60|7
5|61|1
5|62|3
5|63|7
5|64|9
5|65|9
5|66|1
5|67|8
5|68|4
5|69|4
5|70|10
5|71|10
5|72|9
5|73|8
5|74|10
5|75|7
5|76|1
5|77|7
5|78|7
5|79|4
5|80|10
5|81|5
5|82|5
5|83|6
5|84|3
5|85|4
5|86|8
5|87|1
5|88|7
5|89|9
5|90|2
5|91|4
5|92|5
5|93|2
5|94|5
5|95|8
5|96|6
5|97|9
5|98|1
5|99|8
5|100|6
6|7|1
6|8|7
6|9|7
6|10|9
6|11|9
6|12|10
6|13|9
6|14|4
6|15|2
6|16|6
6|17|1
6|18|4
6|19|6
6|20|1
6|21|5
6|22|3
6|23|2
6|24|3
6|25|8
6|26|9
6|27|7
6|28|1
6|29|3
6|30|7
6|31|4
6|32|6
6|33|8
6|34|8
6|35|7
6|36|6
6|37|9
6|38|6
6|39|4
6|40|1
6|41|9
6|42|3
6|43|5
6|44|3
6|45|4
6|46|2
6|47|7
6|48|9
6|49|4
6|50|10
6|51|6
6|52|8
6|53|1
6|54|1
6|55|1
6|56|6
6|57|1
6|58|1
6|59|7
6|60|2
6|61|4
6|62|3
6|63|9
6|64|2
6|65|10
6|66|9
6|67|4
6|68|6
6|69|4
6|70|4
6|71|4
6|72|2
6|73|8
6|74|7
6|75|2
6|76|2
6|77|4
6|78|9
6|79|5
6|80|10
6|81|6
6|82|6
6|83|3
6|84|8
6|85|10
6|86|5
6|87|3
6|88|2
6|89|3
6|90|6
6|91|8
6|92|4
6|93|9
6|94|2
6|95|3
6|96|8
6|97|4
6|98|5
6|99|3
6|100|6
7|8|4
7|9|3
7|10|5
7|11|4
7|12|5
7|13|1
7|14|2
7|15|6
7|16|5
7|17|9
7|18|4
7|19|10
7|20|6
7|21|2
7|22|10
7|23|6
7|24|5
7|25|1
7|26|9
7|27|3
7|28|10
7|29|10
7|30|8
7|31|2
7|32|5
7|33|10
7|34|3
7|35|5
7|36|9
7|37|7
7|38|10
7|39|2
7|40|6
7|41|2
7|42|2
7|43|1
7|44|8
7|45|10
7|46|7
7|47|7
7|48|3
7|49|1
7|50|5
7|51|7
7|52|2
7|53|5
7|54|8
7|55|1
7|56|10
7|57|5
7|58|3
7|59|3
7|60|2
7|61|1
7|62|3
7|63|1
7|64|8
7|65|7
7|66|5
7|67|2
7|68|9
7|69|8
7|70|5
7|71|6
7|72|7
7|73|8
7|74|3
7|75|4
7|76|3
7|77|5
7|78|10
7|79|1
7|80|3
7|81|10
7|82|2
7|83|8
7|84|6
7|85|10
7|86|5
7|87|2
7|88|1
7|89|7
7|90|2
7|91|6
7|92|5
7|93|6
7|94|5
7|95|10
7|96|6
7|97|5
7|98|8
7|99|4
7|100|7
8|9|9
8|10|1
8|11|3
8|12|9
8|13|3
8|14|3
8|15|6
8|16|1
8|17|9
8|18|10
8|19|9
8|20|9
8|21|4
8|22|1
8|23|3
8|24|4
8|25|2
8|26|9
8|27|9
8|28|4
8|29|10
8|30|1
8|31|5
8|32|3
8|33|6
8|34|10
8|35|8
8|36|6
8|37|2
8|38|3
8|39|10
8|40|7
8|41|5
8|42|8
8|43|3
8|44|4
8|45|9
8|46|1
8|47|5
8|48|1
8|49|2
8|50|8
8|51|1
8|52|8
8|53|9
8|54|9
8|55|7
8|56|4
8|57|5
8|58|6
8|59|9
8|60|10
8|61|1
8|62|1
8|63|4
8|64|9
8|65|10
8|66|7
8|67|5
8|68|9
8|69|3
8|70|10
8|71|7
8|72|9
8|73|1
8|74|10
8|75|1
8|76|10
8|77|3
8|78|6
8|79|2
8|80|10
8|81|3
8|82|3
8|83|7
8|84|7
8|85|6
8|86|6
8|87|1
8|88|2
8|89|9
8|90|4
8|91|10
8|92|4
8|93|9
8|94|3
8|95|3
8|96|7
8|97|4
8|98|7
8|99|6
8|100|5
9|10|2
9|11|10
9|12|10
9|13|8
9|14|10
9|15|4
9|16|8
9|17|5
9|18|8
9|19|5
9|20|7
9|21|6
9|22|6
9|23|3
9|24|5
9|25|7
9|26|8
9|27|1
9|28|9
9|29|1
9|30|1
9|31|3
9|32|7
9|33|6
9|34|7
9|35|2
9|36|7
9|37|3
9|38|4
9|39|6
9|40|9
9|41|5
9|42|3
9|43|3
9|44|8
9|45|2
9|46|4
9|47|10
9|48|5
9|49|4
9|50|5
9|51|7
9|52|5
9|53|9
9|54|10
9|55|8
9|56|7
9|57|7
9|58|7
9|59|2
9|60|5
9|61|2
9|62|8
9|63|3
9|64|1
9|65|1
9|66|4
9|67|7
9|68|1
9|69|4
9|70|5
9|71|9
9|72|6
9|73|7
9|74|3
9|75|2
9|76|4
9|77|9
9|78|6
9|79|4
9|80|4
9|81|10
9|82|5
9|83|5
9|84|5
9|85|10
9|86|4
9|87|4
9|88|10
9|89|9
9|90|10
9|91|9
9|92|3
9|93|7
9|94|1
9|95|9
9|96|8
9|97|1
9|98|8
9|99|10
9|100|7
10|11|9
10|12|5
10|13|2
10|14|2
10|15|6
10|16|4
10|17|9
10|18|10
10|19|2
10|20|4
10|21|5
10|22|2
10|23|3
10|24|1
10|25|5
10|26|3
10|27|3
10|28|4
10|29|5
10|30|2
10|31|10
10|32|5
10|33|5
10|34|9
10|35|6
10|36|3
10|37|7
10|38|9
10|39|10
10|40|4
10|41|3
10|42|10
10|43|4
10|44|4
10|45|8
10|46|6
10|47|4
10|48|9
10|49|3
10|50|5
10|51|8
10|52|8
10|53|9
10|54|10
10|55|8
10|56|5
10|57|1
10|58|9
10|59|2
10|60|4
10|61|8
10|62|1
10|63|4
10|64|4
10|65|8
10|66|2
10|67|1
10|68|10
10|69|5
10|70|2
10|71|2
10|72|8
10|73|6
10|74|8
10|75|8
10|76|7
10|77|5
10|78|5
10|79|2
10|80|10
10|81|7
10|82|10
10|83|3
10|84|2
10|85|3
10|86|6
10|87|9
10|88|1
10|89|8
10|90|8
10|91|10
10|92|2
10|93|4
10|94|8
10|95|2
10|96|8
10|97|1
10|98|9
10|99|9
10|100|7
11|12|3
11|13|10
11|14|4
11|15|1
11|16|8
11|17|10
11|18|6
11|19|1
11|20|7
11|21|4
11|22|10
11|23|3
11|24|8
11|25|10
11|26|9
11|27|6
11|28|5
11|29|10
11|30|7
11|31|7
11|32|8
11|33|4
11|34|5
11|35|2
11|36|10
11|37|3
11|38|3
11|39|5
11|40|7
11|41|6
11|42|9
11|43|6
11|44|2
11|45|10
11|46|2
11|47|3
11|48|9
11|49|7
11|50|8
11|51|5
11|52|8
11|53|6
11|54|3
11|55|8
11|56|7
11|57|4
11|58|4
11|59|6
11|60|4
11|61|5
11|62|6
11|63|3
11|64|6
11|65|1
11|66|7
11|67|6
11|68|5
11|69|8
11|70|2
11|71|8
11|72|2
11|73|5
11|74|10
11|75|8
11|76|5
11|77|10
11|78|9
11|79|4
11|80|4
11|81|8
11|82|2
11|83|7
11|84|4
11|85|5
11|86|2
11|87|6
11|88|3
11|89|2
11|90|10
11|91|2
11|92|2
11|93|9
11|94|8
11|95|5
11|96|10
11|97|10
11|98|10
11|99|10
11|100|3
12|13|10
12|14|2
12|15|4
12|16|2
12|17|7
12|18|9
12|19|9
12|20|8
12|21|1
12|22|2
12|23|8
12|24|3
12|25|6
12|26|1
12|27|4
12|28|6
12|29|7
12|30|2
12|31|9
12|32|10
12|33|5
12|34|2
12|35|4
12|36|10
12|37|2
12|38|2
12|39|9
12|40|3
12|41|10
12|42|7
12|43|9
12|44|8
12|45|2
12|46|10
12|47|7
12|48|4
12|49|2
12|50|4
12|51|8
12|52|4
12|53|9
12|54|10
12|55|5
12|56|8
12|57|10
12|58|1
12|59|2
12|60|2
12|61|7
12|62|9
12|63|6
12|64|1
12|65|3
12|66|3
12|67|10
12|68|6
12|69|8
12|70|6
12|71|10
12|72|8
12|73|7
12|74|9
12|75|3
12|76|3
12|77|5
12|78|2
12|79|7
12|80|5
12|81|5
12|82|2
12|83|7
12|84|10
12|85|8
12|86|3
12|87|8
12|88|9
12|89|9
12|90|10
12|91|7
12|92|2
12|93|6
12|94|3
12|95|7
12|96|8
12|97|3
12|98|10
12|99|9
12|100|6
13|14|4
13|15|2
13|16|3
13|17|10
13|18|2
13|19|7
13|20|6
13|21|5
13|22|1
13|23|6
13|24|1
13|25|2
13|26|6
13|27|4
13|28|8
13|29|3
13|30|6
13|31|2
13|32|6
13|33|4
13|34|6
13|35|8
13|36|2
13|37|5
13|38|7
13|39|10
13|40|9
13|41|2
13|42|1
13|43|8
13|44|4
13|45|4
13|46|7
13|47|6
13|48|9
13|49|1
13|50|4
13|51|7
13|52|8
13|53|6
13|54|10
13|55|1
13|56|6
13|57|6
13|58|4
13|59|9
13|60|5
13|61|7
13|62|6
13|63|4
13|64|2
13|65|10
13|66|9
13|67|7
13|68|2
13|69|6
13|70|2
13|71|10
13|72|7
13|73|3
13|74|7
13|75|1
13|76|2
13|77|8
13|78|2
13|79|4
13|80|5
13|81|3
13|82|8
13|83|7
13|84|4
13|85|6
13|86|7
13|87|4
13|88|2
13|89|1
13|90|10
13|91|7
13|92|6
13|93|5
13|94|8
13|95|3
13|96|7
13|97|4
13|98|5
13|99|7
13|100|8
14|15|2
14|16|1
14|17|4
14|18|10
14|19|5
14|20|2
14|21|7
14|22|1
14|23|7
14|24|8
14|25|8
14|26|4
14|27|7
14|28|7
14|29|3
14|30|9
14|31|6
14|32|1
14|33|2
14|34|5
14|35|10
14|36|7
14|37|6
14|38|4
14|39|10
14|40|4
14|41|5
14|42|5
14|43|7
14|44|8
14|45|4
14|46|4
14|47|9
14|48|1
14|49|5
14|50|1
14|51|7
14|52|2
14|53|1
14|54|10
14|55|7
14|56|1
14|57|1
14|58|6
14|59|2
14|60|4
14|61|3
14|62|1
14|63|6
14|64|10
14|65|7
14|66|1
14|67|10
14|68|10
14|69|5
14|70|9
14|71|7
14|72|5
14|73|6
14|74|10
14|75|10
14|76|8
14|77|5
14|78|3
14|79|9
14|80|1
14|81|9
14|82|2
14|83|3
14|84|5
14|85|6
14|86|5
14|87|9
14|88|1
14|89|8
14|90|5
14|91|8
14|92|6
14|93|4
14|94|5
14|95|4
14|96|9
14|97|3
14|98|8
14|99|8
14|100|3
15|16|8
15|17|5
15|18|7
15|19|1
15|20|6
15|21|9
15|22|7
15|23|5
15|24|5
15|25|1
15|26|9
15|27|10
15|28|7
15|29|3
15|30|4
15|31|8
15|32|6
15|33|10
15|34|1
15|35|3
15|36|9
15|37|10
15|38|8
15|39|4
15|40|9
15|41|2
15|42|5
15|43|2
15|44|9
15|45|10
15|46|7
15|47|8
15|48|2
15|49|5
15|50|4
15|51|1
15|52|6
15|53|6
15|54|6
15|55|4
15|56|4
15|57|8
15|58|7
15|59|8
15|60|7
15|61|2
15|62|1
15|63|1
15|64|5
15|65|2
15|66|7
15|67|2
15|68|3
15|69|2
15|70|6
15|71|2
15|72|8
15|73|3
15|74|8
15|75|2
15|76|3
15|77|4
15|78|9
15|79|3
15|80|3
15|81|2
15|82|2
15|83|6
15|84|9
15|85|9
15|86|10
15|87|1
15|88|8
15|89|7
15|90|10
15|91|6
15|92|6
15|93|4
15|94|1
15|95|2
15|96|3
15|97|3
15|98|1
15|99|2
15|100|8
16|17|5
16|18|7
16|19|6
16|20|5
16|21|10
16|22|2
16|23|9
16|24|7
16|25|7
16|26|4
16|27|4
16|28|1
16|29|3
16|30|7
16|31|5
16|32|9
16|33|10
16|34|9
16|35|2
16|36|6
16|37|10
16|38|3
16|39|9
16|40|8
16|41|6
16|42|6
16|43|1
16|44|5
16|45|8
16|46|3
16|47|7
16|48|7
16|49|2
16|50|6
16|51|1
16|52|8
16|53|7
16|54|8
16|55|7
16|56|9
16|57|7
16|58|3
16|59|4
16|60|2
16|61|8
16|62|5
16|63|4
16|64|6
16|65|1
16|66|10
16|67|3
16|68|1
16|69|2
16|70|5
16|71|1
16|72|8
16|73|6
16|74|1
16|75|10
16|76|9
16|77|10
16|78|8
16|79|9
16|80|4
16|81|1
16|82|10
16|83|8
16|84|4
16|85|1
16|86|2
16|87|4
16|88|7
16|89|4
16|90|1
16|91|2
16|92|3
16|93|4
16|94|4
16|95|7
16|96|10
16|97|10
16|98|1
16|99|8
16|100|10
17|18|6
17|19|2
17|20|10
17|21|3
17|22|4
17|23|4
17|24|7
17|25|1
17|26|4
17|27|10
17|28|4
17|29|5
17|30|10
17|31|2
17|32|5
17|33|9
17|34|2
17|35|2
17|36|9
17|37|2
17|38|5
17|39|4
17|40|9
17|41|6
17|42|2
17|43|5
17|44|10
17|45|5
17|46|6
17|47|6
17|48|6
17|49|6
17|50|2
17|51|5
17|52|2
17|53|9
17|54|3
17|55|5
17|56|4
17|57|3
17|58|6
17|59|7
17|60|6
17|61|4
17|62|6
17|63|1
17|64|6
17|65|8
17|66|1
17|67|10
17|68|2
17|69|3
17|70|6
17|71|7
17|72|7
17|73|2
17|74|8
17|75|8
17|76|10
17|77|9
17|78|8
17|79|7
17|80|5
17|81|4
17|82|5
17|83|2
17|84|2
17|85|5
17|86|4
17|87|10
17|88|2
17|89|1
17|90|2
17|91|2
17|92|8
17|93|8
17|94|1
17|95|8
17|96|4
17|97|2
17|98|7
17|99|7
17|100|5
18|19|5
18|20|7
18|21|10
18|22|7
18|23|6
18|24|10
18|25|4
18|26|3
18|27|6
18|28|3
18|29|1
18|30|7
18|31|4
18|32|2
18|33|1
18|34|9
18|35|8
18|36|4
18|37|10
18|38|4
18|39|6
18|40|5
18|41|1
18|42|5
18|43|4
18|44|9
18|45|2
18|46|2
18|47|6
18|48|4
18|49|5
18|50|4
18|51|8
18|52|6
18|53|9
18|54|6
18|55|1
18|56|10
18|57|7
18|58|4
18|59|3
18|60|4
18|61|10
18|62|2
18|63|3
18|64|1
18|65|6
18|66|6
18|67|8
18|68|6
18|69|7
18|70|8
18|71|3
18|72|2
18|73|8
18|74|6
18|75|2
18|76|5
18|77|1
18|78|6
18|79|6
18|80|1
18|81|5
18|82|9
18|83|9
18|84|8
18|85|4
18|86|5
18|87|6
18|88|9
18|89|5
18|90|10
18|91|3
18|92|5
18|93|1
18|94|1
18|95|4
18|96|9
18|97|3
18|98|5
18|99|4
18|100|10
19|20|6
19|21|10
19|22|8
19|23|5
19|24|1
19|25|8
19|26|7
19|27|7
19|28|7
19|29|5
19|30|10
19|31|5
19|32|4
19|33|4
19|34|5
19|35|6
19|36|8
19|37|9
19|38|1
19|39|7
19|40|1
19|41|8
19|42|4
19|43|5
19|44|8
19|45|2
19|46|8
19|47|6
19|48|2
19|49|4
19|50|5
19|51|3
19|52|4
19|53|4
19|54|6
19|55|1
19|56|4
19|57|2
19|58|3
19|59|2
19|60|10
19|61|7
19|62|9
19|63|7
19|64|10
19|65|3
19|66|8
19|67|1
19|68|3
19|69|10
19|70|4
19|71|4
19|72|5
19|73|2
19|74|8
19|75|10
19|76|2
19|77|4
19|78|1
19|79|4
19|80|10
19|81|2
19|82|9
19|83|4
19|84|5
19|85|1
19|86|2
19|87|8
19|88|3
19|89|4
19|90|2
19|91|4
19|92|9
19|93|4
19|94|7
19|95|8
19|96|10
19|97|4
19|98|2
19|99|9
19|100|5
20|21|5
20|22|7
20|23|1
20|24|8
20|25|4
20|26|8
20|27|3
20|28|7
20|29|10
20|30|2
20|31|3
20|32|10
20|33|3
20|34|8
20|35|9
20|36|10
20|37|10
20|38|10
20|39|2
20|40|3
20|41|3
20|42|10
20|43|7
20|44|10
20|45|9
20|46|3
20|47|4
20|48|7
20|49|7
20|50|1
20|51|1
20|52|3
20|53|8
20|54|4
20|55|3
20|56|2
20|57|6
20|58|6
20|59|7
20|60|5
20|61|3
20|62|6
20|63|1
20|64|6
20|65|1
20|66|7
20|67|5
20|68|1
20|69|7
20|70|8
20|71|10
20|72|6
20|73|10
20|74|4
20|75|7
20|76|1
20|77|1
20|78|2
20|79|5
20|80|1
20|81|4
20|82|7
20|83|8
20|84|8
20|85|1
20|86|2
20|87|10
20|88|6
20|89|7
20|90|9
20|91|10
20|92|2
20|93|8
20|94|4
20|95|6
20|96|4
20|97|7
20|98|10
20|99|10
20|100|5
21|22|1
21|23|8
21|24|9
21|25|3
21|26|3
21|27|4
21|28|1
21|29|6
21|30|1
21|31|7
21|32|9
21|33|10
21|34|8
21|35|7
21|36|8
21|37|8
21|38|6
21|39|10
21|40|6
21|41|5
21|42|9
21|43|9
21|44|1
21|45|5
21|46|2
21|47|3
21|48|7
21|49|4
21|50|1
21|51|2
21|52|4
21|53|10
21|54|4
21|55|7
21|56|8
21|57|9
21|58|6
21|59|4
21|60|5
21|61|1
21|62|10
21|63|4
21|64|1
21|65|9
21|66|5
21|67|10
21|68|1
21|69|10
21|70|6
21|71|10
21|72|9
21|73|6
21|74|8
21|75|2
21|76|9
21|77|5
21|78|5
21|79|1
21|80|9
21|81|4
21|82|7
21|83|9
21|84|6
21|85|3
21|86|8
21|87|2
21|88|10
21|89|9
21|90|1
21|91|7
21|92|7
21|93|9
21|94|7
21|95|3
21|96|2
21|97|5
21|98|4
21|99|6
21|100|8
22|23|10
22|24|6
22|25|6
22|26|3
22|27|9
22|28|7
22|29|7
22|30|1
22|31|3
22|32|7
22|33|2
22|34|2
22|35|7
22|36|3
22|37|4
22|38|8
22|39|8
22|40|9
22|41|2
22|42|8
22|43|7
22|44|4
22|45|3
22|46|9
22|47|1
22|48|10
22|49|10
22|50|10
22|51|6
22|52|9
22|53|4
22|54|10
22|55|2
22|56|3
22|57|10
22|58|9
22|59|2
22|60|9
22|61|2
22|62|3
22|63|9
22|64|9
22|65|4
22|66|7
22|67|3
22|68|4
22|69|6
22|70|6
22|71|8
22|72|2
22|73|8
22|74|1
22|75|1
22|76|4
22|77|6
22|78|10
22|79|7
22|80|7
22|81|3
22|82|3
22|83|5
22|84|4
22|85|4
22|86|3
22|87|10
22|88|10
22|89|5
22|90|3
22|91|9
22|92|2
22|93|10
22|94|4
22|95|5
22|96|8
22|97|7
22|98|8
22|99|7
22|100|5
23|24|7
23|25|10
23|26|9
23|27|2
23|28|2
23|29|2
23|30|3
23|31|9
23|32|2
23|33|3
23|34|5
23|35|7
23|36|10
23|37|9
23|38|10
23|39|9
23|40|2
23|41|7
23|42|2
23|43|9
23|44|7
23|45|8
23|46|2
23|47|10
23|48|5
23|49|3
23|50|6
23|51|2
23|52|8
23|53|4
23|54|4
23|55|2
23|56|2
23|57|6
23|58|7
23|59|2
23|60|8
23|61|2
23|62|6
23|63|5
23|64|6
23|65|6
23|66|3
23|67|2
23|68|6
23|69|2
23|70|5
23|71|3
23|72|10
23|73|6
23|74|9
23|75|9
23|76|9
23|77|2
23|78|4
23|79|2
23|80|9
23|81|3
23|82|1
23|83|3
23|84|6
23|85|10
23|86|5
23|87|6
23|88|8
23|89|1
23|90|3
23|91|9
23|92|2
23|93|4
23|94|4
23|95|5
23|96|1
23|97|7
23|98|1
23|99|8
23|100|3
24|25|3
24|26|9
24|27|7
24|28|8
24|29|5
24|30|9
24|31|4
24|32|6
24|33|4
24|34|1
24|35|5
24|36|4
24|37|10
24|38|8
24|39|5
24|40|3
24|41|4
24|42|3
24|43|1
24|44|7
24|45|1
24|46|10
24|47|4
24|48|3
24|49|3
24|50|1
24|51|7
24|52|8
24|53|5
24|54|8
24|55|6
24|56|8
24|57|10
24|58|6
24|59|5
24|60|4
24|61|5
24|62|6
24|63|6
24|64|2
24|65|8
24|66|7
24|67|2
24|68|7
24|69|4
24|70|10
24|71|5
24|72|8
24|73|6
24|74|9
24|75|7
24|76|2
24|77|8
24|78|6
24|79|1
24|80|1
24|81|9
24|82|8
24|83|9
24|84|9
24|85|2
24|86|8
24|87|2
24|88|4
24|89|7
24|90|6
24|91|6
24|92|8
24|93|2
24|94|8
24|95|4
24|96|9
24|97|6
24|98|1
24|99|10
24|100|4
25|26|1
25|27|3
25|28|10
25|29|2
25|30|10
25|31|5
25|32|6
25|33|2
25|34|6
25|35|6
25|36|6
25|37|5
25|38|1
25|39|5
25|40|9
25|41|5
25|42|4
25|43|7
25|44|6
25|45|7
25|46|7
25|47|3
25|48|3
25|49|9
25|50|2
25|51|6
25|52|7
25|53|8
25|54|7
25|55|9
25|56|10
25|57|1
25|58|6
25|59|4
25|60|2
25|61|8
25|62|8
25|63|4
25|64|5
25|65|3
25|66|10
25|67|2
25|68|3
25|69|4
25|70|3
25|71|7
25|72|9
25|73|2
25|74|7
25|75|2
25|76|6
25|77|1
25|78|4
25|79|6
25|80|1
25|81|5
25|82|1
25|83|7
25|84|2
25|85|6
25|86|4
25|87|5
25|88|6
25|89|3
25|90|5
25|91|4
25|92|6
25|93|8
25|94|1
25|95|4
25|96|2
25|97|1
25|98|4
25|99|4
25|100|9
26|27|5
26|28|4
26|29|9
26|30|4
26|31|7
26|32|9
26|33|2
26|34|2
26|35|9
26|36|3
26|37|10
26|38|2
26|39|1
26|40|2
26|41|7
26|42|4
26|43|3
26|44|6
26|45|6
26|46|8
26|47|8
26|48|9
26|49|5
26|50|6
26|51|7
26|52|8
26|53|4
26|54|7
26|55|4
26|56|1
26|57|3
26|58|3
26|59|1
26|60|6
26|61|10
26|62|6
26|63|6
26|64|1
26|65|10
26|66|3
26|67|10
26|68|4
26|69|5
26|70|5
26|71|10
26|72|4
26|73|6
26|74|5
26|75|1
26|76|3
26|77|3
26|78|1
26|79|6
26|80|8
26|81|7
26|82|4
26|83|1
26|84|1
26|85|7
26|86|4
26|87|10
26|88|1
26|89|5
26|90|6
26|91|6
26|92|4
26|93|7
26|94|3
26|95|1
26|96|3
26|97|8
26|98|10
26|99|1
26|100|9
27|28|1
27|29|7
27|30|6
27|31|1
27|32|5
27|33|6
27|34|2
27|35|2
27|36|4
27|37|8
27|38|2
27|39|10
27|40|5
27|41|9
27|42|5
27|43|5
27|44|5
27|45|2
27|46|10
27|47|7
27|48|3
27|49|6
27|50|7
27|51|4
27|52|5
27|53|6
27|54|4
27|55|3
27|56|5
27|57|6
27|58|3
27|59|9
27|60|2
27|61|9
27|62|4
27|63|8
27|64|2
27|65|4
27|66|7
27|67|7
27|68|2
27|69|3
27|70|2
27|71|2
27|72|2
27|73|2
27|74|8
27|75|2
27|76|5
27|77|9
27|78|2
27|79|1
27|80|8
27|81|9
27|82|2
27|83|7
27|84|3
27|85|3
27|86|2
27|87|7
27|88|8
27|89|9
27|90|5
27|91|10
27|92|8
27|93|8
27|94|3
27|95|4
27|96|1
27|97|1
27|98|1
27|99|9
27|100|10
28|29|3
28|30|2
28|31|10
28|32|7
28|33|6
28|34|6
28|35|6
28|36|8
28|37|7
28|38|2
28|39|7
28|40|3
28|41|1
28|42|1
28|43|7
28|44|8
28|45|1
28|46|6
28|47|5
28|48|6
28|49|3
28|50|9
28|51|8
28|52|6
28|53|1
28|54|8
28|55|10
28|56|10
28|57|9
28|58|6
28|59|9
28|60|4
28|61|7
28|62|5
28|63|10
28|64|8
28|65|10
28|66|3
28|67|4
28|68|7
28|69|1
28|70|1
28|71|8
28|72|9
28|73|8
28|74|8
28|75|6
28|76|6
28|77|10
28|78|7
28|79|5
28|80|10
28|81|4
28|82|4
28|83|10
28|84|9
28|85|8
28|86|4
28|87|5
28|88|6
28|89|9
28|90|7
28|91|3
28|92|3
28|93|1
28|94|8
28|95|3
28|96|7
28|97|2
28|98|10
28|99|3
28|100|7
29|30|6
29|31|8
29|32|5
29|33|8
29|34|5
29|35|4
29|36|4
29|37|5
29|38|4
29|39|2
29|40|7
29|41|1
29|42|7
29|43|1
29|44|1
29|45|10
29|46|2
29|47|5
29|48|9
29|49|2
29|50|10
29|51|5
29|52|10
29|53|6
29|54|9
29|55|2
29|56|4
29|57|4
29|58|2
29|59|2
29|60|9
29|61|7
29|62|9
29|63|10
29|64|8
29|65|7
29|66|7
29|67|9
29|68|5
29|69|2
29|70|8
29|71|8
29|72|6
29|73|5
29|74|3
29|75|5
29|76|4
29|77|3
29|78|8
29|79|5
29|80|9
29|81|5
29|82|1
29|83|1
29|84|6
29|85|10
29|86|10
29|87|2
29|88|5
29|89|9
29|90|4
29|91|7
29|92|3
29|93|6
29|94|2
29|95|2
29|96|6
29|97|5
29|98|10
29|99|6
29|100|2
30|31|8
30|32|10
30|33|4
30|34|7
30|35|10
30|36|1
30|37|10
30|38|1
30|39|10
30|40|2
30|41|8
30|42|9
30|43|7
30|44|10
30|45|9
30|46|9
30|47|1
30|48|7
30|49|9
30|50|1
30|51|7
30|52|3
30|53|8
30|54|7
30|55|7
30|56|5
30|57|7
30|58|6
30|59|8
30|60|5
30|61|5
30|62|4
30|63|5
30|64|3
30|65|5
30|66|4
30|67|3
30|68|9
30|69|5
30|70|7
30|71|3
30|72|10
30|73|6
30|74|3
30|75|6
30|76|1
30|77|5
30|78|1
30|79|4
30|80|8
30|81|10
30|82|1
30|83|4
30|84|7
30|85|1
30|86|8
30|87|2
30|88|1
30|89|2
30|90|2
30|91|9
30|92|5
30|93|7
30|94|6
30|95|2
30|96|10
30|97|8
30|98|3
30|99|1
30|100|8
31|32|2
31|33|9
31|34|10
31|35|5
31|36|5
31|37|10
31|38|1
31|39|1
31|40|2
31|41|3
31|42|1
31|43|3
31|44|8
31|45|3
31|46|8
31|47|7
31|48|1
31|49|7
31|50|7
31|51|6
31|52|2
31|53|3
31|54|1
31|55|2
31|56|4
31|57|9
31|58|1
31|59|10
31|60|4
31|61|8
31|62|8
31|63|6
31|64|10
31|65|8
31|66|3
31|67|7
31|68|5
31|69|2
31|70|3
31|71|2
31|72|2
31|73|10
31|74|4
31|75|8
31|76|8
31|77|9
31|78|1
31|79|5
31|80|1
31|81|10
31|82|5
31|83|6
31|84|6
31|85|2
31|86|8
31|87|9
31|88|2
31|89|6
31|90|9
31|91|4
31|92|4
31|93|7
31|94|3
31|95|1
31|96|3
31|97|3
31|98|8
31|99|8
31|100|1
32|33|5
32|34|8
32|35|9
32|36|9
32|37|5
32|38|6
32|39|8
32|40|3
32|41|4
32|42|1
32|43|7
32|44|7
32|45|10
32|46|8
32|47|4
32|48|8
32|49|2
32|50|9
32|51|7
32|52|5
32|53|7
32|54|6
32|55|3
32|56|6
32|57|3
32|58|4
32|59|9
32|60|6
32|61|9
32|62|6
32|63|5
32|64|6
32|65|4
32|66|7
32|67|4
32|68|2
32|69|5
32|70|7
32|71|4
32|72|1
32|73|4
32|74|5
32|75|9
32|76|4
32|77|8
32|78|5
32|79|4
32|80|5
32|81|8
32|82|4
32|83|6
32|84|3
32|85|3
32|86|4
32|87|7
32|88|4
32|89|4
32|90|10
32|91|9
32|92|7
32|93|5
32|94|4
32|95|5
32|96|10
32|97|2
32|98|4
32|99|10
32|100|3
33|34|2
33|35|10
33|36|7
33|37|9
33|38|7
33|39|7
33|40|2
33|41|7
33|42|7
33|43|10
33|44|8
33|45|8
33|46|8
33|47|7
33|48|7
33|49|4
33|50|6
33|51|4
33|52|3
33|53|7
33|54|10
33|55|9
33|56|9
33|57|2
33|58|8
33|59|8
33|60|1
33|61|3
33|62|7
33|63|10
33|64|10
33|65|5
33|66|7
33|67|1
33|68|9
33|69|9
33|70|2
33|71|9
33|72|6
33|73|4
33|74|8
33|75|2
33|76|7
33|77|7
33|78|1
33|79|1
33|80|10
33|81|10
33|82|3
33|83|7
33|84|2
33|85|10
33|86|9
33|87|2
33|88|2
33|89|2
33|90|5
33|91|6
33|92|7
33|93|6
33|94|10
33|95|7
33|96|9
33|97|2
33|98|10
33|99|6
33|100|7
34|35|1
34|36|3
34|37|1
34|38|8
34|39|3
34|40|4
34|41|4
34|42|1
34|43|7
34|44|4
34|45|9
34|46|10
34|47|3
34|48|6
34|49|6
34|50|6
34|51|4
34|52|7
34|53|7
34|54|5
34|55|1
34|56|7
34|57|8
34|58|5
34|59|3
34|60|8
34|61|8
34|62|1
34|63|5
34|64|3
34|65|8
34|66|10
34|67|6
34|68|9
34|69|8
34|70|7
34|71|9
34|72|5
34|73|3
34|74|4
34|75|10
34|76|9
34|77|10
34|78|3
34|79|1
34|80|10
34|81|5
34|82|4
34|83|8
34|84|2
34|85|5
34|86|3
34|87|5
34|88|9
34|89|8
34|90|5
34|91|3
34|92|9
34|93|9
34|94|10
34|95|8
34|96|7
34|97|5
34|98|3
34|99|3
34|100|1
35|36|8
35|37|6
35|38|10
35|39|6
35|40|3
35|41|3
35|42|10
35|43|10
35|44|4
35|45|8
35|46|6
35|47|4
35|48|6
35|49|6
35|50|5
35|51|2
35|52|6
35|53|4
35|54|6
35|55|7
35|56|2
35|57|5
35|58|10
35|59|5
35|60|4
35|61|4
35|62|8
35|63|9
35|64|10
35|65|7
35|66|4
35|67|2
35|68|5
35|69|6
35|70|10
35|71|2
35|72|2
35|73|4
35|74|3
35|75|5
35|76|8
35|77|3
35|78|2
35|79|3
35|80|3
35|81|6
35|82|3
35|83|1
35|84|8
35|85|10
35|86|5
35|87|6
35|88|8
35|89|5
35|90|3
35|91|8
35|92|7
35|93|10
35|94|2
35|95|7
35|96|1
35|97|6
35|98|4
35|99|9
35|100|10
36|37|3
36|38|8
36|39|4
36|40|6
36|41|10
36|42|6
36|43|5
36|44|3
36|45|3
36|46|2
36|47|7
36|48|2
36|49|7
36|50|4
36|51|8
36|52|9
36|53|7
36|54|10
36|55|8
36|56|1
36|57|4
36|58|8
36|59|6
36|60|2
36|61|10
36|62|8
36|63|6
36|64|6
36|65|6
36|66|1
36|67|1
36|68|1
36|69|6
36|70|8
36|71|5
36|72|8
36|73|6
36|74|4
36|75|1
36|76|1
36|77|6
36|78|2
36|79|10
36|80|3
36|81|4
36|82|10
36|83|9
36|84|2
36|85|10
36|86|8
36|87|2
36|88|7
36|89|6
36|90|4
36|91|4
36|92|1
36|93|6
36|94|1
36|95|7
36|96|5
36|97|7
36|98|1
36|99|8
36|100|5
37|38|8
37|39|6
37|40|8
37|41|5
37|42|7
37|43|10
37|44|2
37|45|6
37|46|6
37|47|8
37|48|5
37|49|9
37|50|7
37|51|1
37|52|7
37|53|5
37|54|6
37|55|6
37|56|7
37|57|1
37|58|7
37|59|3
37|60|4
37|61|5
37|62|5
37|63|7
37|64|1
37|65|6
37|66|7
37|67|4
37|68|8
37|69|2
37|70|3
37|71|9
37|72|9
37|73|3
37|74|8
37|75|4
37|76|9
37|77|6
37|78|9
37|79|6
37|80|7
37|81|1
37|82|9
37|83|1
37|84|1
37|85|10
37|86|7
37|87|10
37|88|5
37|89|2
37|90|1
37|91|7
37|92|10
37|93|8
37|94|8
37|95|6
37|96|6
37|97|2
37|98|7
37|99|5
37|100|10
38|39|3
38|40|1
38|41|5
38|42|10
38|43|2
38|44|6
38|45|9
38|46|1
38|47|3
38|48|1
38|49|4
38|50|3
38|51|4
38|52|5
38|53|7
38|54|2
38|55|5
38|56|3
38|57|9
38|58|4
38|59|5
38|60|2
38|61|5
38|62|6
38|63|2
38|64|3
38|65|5
38|66|5
38|67|7
38|68|2
38|69|1
38|70|5
38|71|7
38|72|1
38|73|8
38|74|1
38|75|8
38|76|1
38|77|5
38|78|4
38|79|1
38|80|2
38|81|7
38|82|2
38|83|8
38|84|9
38|85|3
38|86|6
38|87|7
38|88|8
38|89|9
38|90|5
38|91|9
38|92|1
38|93|10
38|94|3
38|95|8
38|96|9
38|97|9
38|98|9
38|99|3
38|100|2
39|40|4
39|41|3
39|42|7
39|43|2
39|44|7
39|45|2
39|46|10
39|47|10
39|48|10
39|49|3
39|50|7
39|51|2
39|52|9
39|53|2
39|54|10
39|55|3
39|56|3
39|57|3
39|58|10
39|59|5
39|60|2
39|61|5
39|62|5
39|63|4
39|64|3
39|65|1
39|66|10
39|67|1
39|68|10
39|69|2
39|70|3
39|71|8
39|72|2
39|73|7
39|74|5
39|75|10
39|76|9
39|77|4
39|78|3
39|79|3
39|80|2
39|81|10
39|82|9
39|83|1
39|84|8
39|85|3
39|86|1
39|87|1
39|88|4
39|89|8
39|90|7
39|91|10
39|92|2
39|93|1
39|94|1
39|95|10
39|96|9
39|97|7
39|98|7
39|99|9
39|100|9
40|41|9
40|42|5
40|43|9
40|44|6
40|45|3
40|46|4
40|47|5
40|48|7
40|49|10
40|50|8
40|51|4
40|52|7
40|53|1
40|54|3
40|55|9
40|56|9
40|57|7
40|58|2
40|59|4
40|60|4
40|61|5
40|62|3
40|63|5
40|64|10
40|65|1
40|66|3
40|67|5
40|68|2
40|69|10
40|70|10
40|71|10
40|72|7
40|73|1
40|74|4
40|75|7
40|76|10
40|77|10
40|78|3
40|79|8
40|80|6
40|81|7
40|82|8
40|83|9
40|84|6
40|85|2
40|86|4
40|87|2
40|88|6
40|89|8
40|90|4
40|91|6
40|92|3
40|93|5
40|94|3
40|95|1
40|96|3
40|97|4
40|98|5
40|99|8
40|100|6
41|42|9
41|43|8
41|44|1
41|45|10
41|46|3
41|47|2
41|48|3
41|49|10
41|50|8
41|51|1
41|52|2
41|53|2
41|54|8
41|55|7
41|56|9
41|57|6
41|58|7
41|59|5
41|60|3
41|61|7
41|62|2
41|63|9
41|64|9
41|65|6
41|66|2
41|67|2
41|68|1
41|69|10
41|70|1
41|71|1
41|72|8
41|73|9
41|74|4
41|75|10
41|76|3
41|77|6
41|78|8
41|79|5
41|80|1
41|81|10
41|82|4
41|83|7
41|84|10
41|85|3
41|86|8
41|87|9
41|88|2
41|89|1
41|90|8
41|91|9
41|92|4
41|93|5
41|94|1
41|95|6
41|96|10
41|97|4
41|98|2
41|99|9
41|100|6
42|43|4
42|44|6
42|45|6
42|46|1
42|47|7
42|48|2
42|49|4
42|50|6
42|51|3
42|52|9
42|53|4
42|54|8
42|55|5
42|56|3
42|57|3
42|58|7
42|59|6
42|60|1
42|61|4
42|62|2
42|63|10
42|64|2
42|65|8
42|66|9
42|67|4
42|68|1
42|69|8
42|70|1
42|71|3
42|72|10
42|73|2
42|74|5
42|75|6
42|76|6
42|77|2
42|78|8
42|79|1
42|80|5
42|81|10
42|82|2
42|83|3
42|84|8
42|85|3
42|86|1
42|87|4
42|88|1
42|89|4
42|90|3
42|91|1
42|92|10
42|93|2
42|94|1
42|95|6
42|96|6
42|97|7
42|98|6
42|99|9
42|100|7
43|44|3
43|45|1
43|46|9
43|47|3
43|48|9
43|49|4
43|50|3
43|51|5
43|52|7
43|53|1
43|54|1
43|55|9
43|56|4
43|57|6
43|58|2
43|59|9
43|60|3
43|61|3
43|62|2
43|63|2
43|64|10
43|65|8
43|66|6
43|67|5
43|68|3
43|69|8
43|70|5
43|71|10
43|72|8
43|73|2
43|74|6
43|75|9
43|76|4
43|77|10
43|78|6
43|79|1
43|80|5
43|81|3
43|82|1
43|83|2
43|84|6
43|85|5
43|86|10
43|87|7
43|88|6
43|89|5
43|90|1
43|91|9
43|92|2
43|93|6
43|94|5
43|95|10
43|96|5
43|97|9
43|98|2
43|99|2
43|100|6
44|45|10
44|46|5
44|47|8
44|48|6
44|49|7
44|50|1
44|51|7
44|52|3
44|53|1
44|54|10
44|55|3
44|56|9
44|57|8
44|58|4
44|59|7
44|60|2
44|61|4
44|62|10
44|63|2
44|64|5
44|65|7
44|66|8
44|67|10
44|68|10
44|69|3
44|70|9
44|71|5
44|72|2
44|73|9
44|74|1
44|75|4
44|76|1
44|77|4
44|78|7
44|79|10
44|80|9
44|81|7
44|82|7
44|83|8
44|84|1
44|85|4
44|86|8
44|87|7
44|88|9
44|89|6
44|90|8
44|91|4
44|92|2
44|93|5
44|94|4
44|95|6
44|96|10
44|97|3
44|98|3
44|99|6
44|100|6
45|46|2
45|47|7
45|48|1
45|49|10
45|50|6
45|51|3
45|52|1
45|53|10
45|54|2
45|55|4
45|56|5
45|57|3
45|58|7
45|59|6
45|60|7
45|61|9
45|62|9
45|63|4
45|64|9
45|65|9
45|66|2
45|67|9
45|68|1
45|69|1
45|70|5
45|71|6
45|72|1
45|73|1
45|74|6
45|75|4
45|76|5
45|77|5
45|78|1
45|79|1
45|80|8
45|81|3
45|82|9
45|83|6
45|84|4
45|85|3
45|86|6
45|87|5
45|88|9
45|89|9
45|90|2
45|91|2
45|92|2
45|93|7
45|94|10
45|95|10
45|96|9
45|97|6
45|98|10
45|99|10
45|100|7
46|47|9
46|48|4
46|49|5
46|50|5
46|51|3
46|52|5
46|53|6
46|54|5
46|55|2
46|56|10
46|57|7
46|58|2
46|59|10
46|60|9
46|61|10
46|62|1
46|63|6
46|64|5
46|65|6
46|66|9
46|67|9
46|68|5
46|69|8
46|70|2
46|71|1
46|72|9
46|73|6
46|74|2
46|75|1
46|76|6
46|77|9
46|78|8
46|79|6
46|80|4
46|81|5
46|82|6
46|83|6
46|84|6
46|85|10
46|86|6
46|87|1
46|88|6
46|89|8
46|90|8
46|91|4
46|92|1
46|93|6
46|94|8
46|95|2
46|96|9
46|97|9
46|98|9
46|99|9
46|100|9
47|48|3
47|49|5
47|50|10
47|51|1
47|52|6
47|53|2
47|54|10
47|55|2
47|56|3
47|57|9
47|58|8
47|59|9
47|60|4
47|61|7
47|62|4
47|63|9
47|64|5
47|65|6
47|66|3
47|67|10
47|68|2
47|69|3
47|70|6
47|71|6
47|72|8
47|73|8
47|74|2
47|75|2
47|76|3
47|77|8
47|78|3
47|79|4
47|80|9
47|81|9
47|82|4
47|83|6
47|84|4
47|85|7
47|86|3
47|87|4
47|88|6
47|89|5
47|90|1
47|91|7
47|92|8
47|93|8
47|94|2
47|95|3
47|96|8
47|97|5
47|98|9
47|99|2
47|100|4
48|49|8
48|50|6
48|51|9
48|52|5
48|53|5
48|54|2
48|55|9
48|56|8
48|57|6
48|58|4
48|59|9
48|60|10
48|61|1
48|62|5
48|63|7
48|64|4
48|65|8
48|66|5
48|67|8
48|68|6
48|69|8
48|70|6
48|71|6
48|72|3
48|73|5
48|74|9
48|75|1
48|76|8
48|77|4
48|78|3
48|79|5
48|80|4
48|81|1
48|82|5
48|83|1
48|84|1
48|85|5
48|86|3
48|87|7
48|88|3
48|89|3
48|90|3
48|91|9
48|92|4
48|93|2
48|94|6
48|95|10
48|96|2
48|97|1
48|98|7
48|99|1
48|100|9
49|50|7
49|51|7
49|52|9
49|53|5
49|54|6
49|55|6
49|56|4
49|57|3
49|58|5
49|59|6
49|60|10
49|61|5
49|62|1
49|63|1
49|64|7
49|65|4
49|66|4
49|67|5
49|68|9
49|69|1
49|70|8
49|71|5
49|72|1
49|73|8
49|74|3
49|75|8
49|76|5
49|77|3
49|78|8
49|79|2
49|80|2
49|81|5
49|82|5
49|83|1
49|84|9
49|85|10
49|86|10
49|87|5
49|88|5
49|89|2
49|90|9
49|91|6
49|92|8
49|93|10
49|94|8
49|95|4
49|96|10
49|97|9
49|98|10
49|99|9
49|100|6
50|51|7
50|52|2
50|53|5
50|54|8
50|55|3
50|56|8
50|57|7
50|58|10
50|59|7
50|60|5
50|61|2
50|62|9
50|63|5
50|64|8
50|65|10
50|66|10
50|67|9
50|68|6
50|69|10
50|70|10
50|71|10
50|72|7
50|73|1
50|74|3
50|75|3
50|76|7
50|77|8
50|78|7
50|79|7
50|80|3
50|81|1
50|82|3
50|83|1
50|84|8
50|85|1
50|86|5
50|87|10
50|88|9
50|89|8
50|90|10
50|91|4
50|92|6
50|93|2
50|94|2
50|95|2
50|96|10
50|97|7
50|98|7
50|99|5
50|100|1
51|52|1
51|53|5
51|54|1
51|55|5
51|56|1
51|57|8
51|58|4
51|59|2
51|60|8
51|61|9
51|62|9
51|63|5
51|64|10
51|65|4
51|66|9
51|67|2
51|68|7
51|69|10
51|70|4
51|71|2
51|72|9
51|73|1
51|74|3
51|75|3
51|76|2
51|77|4
51|78|2
51|79|10
51|80|4
51|81|10
51|82|3
51|83|2
51|84|6
51|85|6
51|86|9
51|87|1
51|88|7
51|89|3
51|90|5
51|91|5
51|92|4
51|93|1
51|94|7
51|95|8
51|96|1
51|97|2
51|98|5
51|99|10
51|100|3
52|53|10
52|54|4
52|55|4
52|56|5
52|57|10
52|58|8
52|59|9
52|60|6
52|61|6
52|62|3
52|63|6
52|64|3
52|65|7
52|66|8
52|67|5
52|68|5
52|69|5
52|70|10
52|71|5
52|72|7
52|73|4
52|74|5
52|75|1
52|76|5
52|77|8
52|78|1
52|79|1
52|80|8
52|81|6
52|82|4
52|83|1
52|84|5
52|85|7
52|86|1
52|87|10
52|88|1
52|89|2
52|90|3
52|91|6
52|92|10
52|93|8
52|94|2
52|95|2
52|96|9
52|97|4
52|98|10
52|99|10
52|100|5
53|54|8
53|55|7
53|56|3
53|57|3
53|58|6
53|59|6
53|60|9
53|61|9
53|62|10
53|63|4
53|64|1
53|65|4
53|66|7
53|67|9
53|68|9
53|69|8
53|70|4
53|71|6
53|72|3
53|73|5
53|74|5
53|75|2
53|76|4
53|77|6
53|78|8
53|79|9
53|80|4
53|81|2
53|82|8
53|83|3
53|84|10
53|85|1
53|86|3
53|87|10
53|88|8
53|89|5
53|90|8
53|91|5
53|92|10
53|93|6
53|94|7
53|95|2
53|96|4
53|97|1
53|98|10
53|99|6
53|100|2
54|55|1
54|56|3
54|57|9
54|58|3
54|59|5
54|60|10
54|61|4
54|62|10
54|63|9
54|64|7
54|65|5
54|66|5
54|67|4
54|68|2
54|69|5
54|70|5
54|71|7
54|72|1
54|73|8
54|74|4
54|75|10
54|76|8
54|77|5
54|78|6
54|79|8
54|80|2
54|81|3
54|82|7
54|83|1
54|84|7
54|85|5
54|86|10
54|87|5
54|88|4
54|89|5
54|90|7
54|91|9
54|92|2
54|93|1
54|94|8
54|95|10
54|96|9
54|97|8
54|98|1
54|99|4
54|100|10
55|56|3
55|57|8
55|58|7
55|59|5
55|60|10
55|61|4
55|62|3
55|63|3
55|64|8
55|65|6
55|66|1
55|67|8
55|68|1
55|69|6
55|70|1
55|71|10
55|72|10
55|73|9
55|74|6
55|75|9
55|76|2
55|77|4
55|78|2
55|79|4
55|80|7
55|81|9
55|82|10
55|83|2
55|84|7
55|85|1
55|86|4
55|87|4
55|88|9
55|89|3
55|90|3
55|91|3
55|92|2
55|93|5
55|94|10
55|95|1
55|96|3
55|97|5
55|98|2
55|99|10
55|100|3
56|57|4
56|58|7
56|59|2
56|60|9
56|61|1
56|62|1
56|63|10
56|64|3
56|65|6
56|66|5
56|67|8
56|68|7
56|69|4
56|70|1
56|71|3
56|72|8
56|73|5
56|74|4
56|75|3
56|76|4
56|77|5
56|78|8
56|79|2
56|80|4
56|81|6
56|82|8
56|83|8
56|84|10
56|85|10
56|86|7
56|87|5
56|88|10
56|89|9
56|90|9
56|91|10
56|92|4
56|93|8
56|94|1
56|95|1
56|96|2
56|97|7
56|98|4
56|99|9
56|100|2
57|58|7
57|59|1
57|60|6
57|61|8
57|62|10
57|63|1
57|64|10
57|65|9
57|66|9
57|67|5
57|68|5
57|69|7
57|70|6
57|71|10
57|72|7
57|73|10
57|74|6
57|75|2
57|76|1
57|77|10
57|78|1
57|79|4
57|80|7
57|81|3
57|82|2
57|83|5
57|84|10
57|85|7
57|86|7
57|87|3
57|88|5
57|89|5
57|90|1
57|91|10
57|92|2
57|93|6
57|94|4
57|95|5
57|96|6
57|97|3
57|98|10
57|99|3
57|100|9
58|59|3
58|60|3
58|61|2
58|62|7
58|63|5
58|64|4
58|65|9
58|66|6
58|67|2
58|68|3
58|69|4
58|70|10
58|71|7
58|72|5
58|73|4
58|74|10
58|75|6
58|76|10
58|77|7
58|78|2
58|79|8
58|80|2
58|81|2
58|82|3
58|83|3
58|84|9
58|85|3
58|86|4
58|87|6
58|88|8
58|89|9
58|90|7
58|91|1
58|92|10
58|93|5
58|94|9
58|95|6
58|96|6
58|97|9
58|98|4
58|99|4
58|100|1
59|60|7
59|61|7
59|62|1
59|63|1
59|64|4
59|65|2
59|66|10
59|67|1
59|68|6
59|69|1
59|70|7
59|71|1
59|72|5
59|73|5
59|74|6
59|75|4
59|76|4
59|77|10
59|78|4
59|79|6
59|80|9
59|81|3
59|82|4
59|83|4
59|84|6
59|85|5
59|86|10
59|87|1
59|88|3
59|89|6
59|90|2
59|91|6
59|92|8
59|93|4
59|94|6
59|95|6
59|96|1
59|97|5
59|98|6
59|99|8
59|100|9
60|61|1
60|62|2
60|63|7
60|64|1
60|65|10
60|66|3
60|67|7
60|68|2
60|69|10
60|70|2
60|71|1
60|72|5
60|73|10
60|74|4
60|75|4
60|76|1
60|77|1
60|78|1
60|79|10
60|80|8
60|81|9
60|82|8
60|83|5
60|84|5
60|85|8
60|86|4
60|87|2
60|88|3
60|89|2
60|90|8
60|91|8
60|92|8
60|93|10
60|94|2
60|95|1
60|96|6
60|97|9
60|98|2
60|99|3
60|100|10
61|62|10
61|63|2
61|64|2
61|65|8
61|66|9
61|67|1
61|68|8
61|69|10
61|70|1
61|71|3
61|72|5
61|73|3
61|74|10
61|75|7
61|76|5
61|77|8
61|78|3
61|79|4
61|80|8
61|81|2
61|82|9
61|83|8
61|84|6
61|85|4
61|86|2
61|87|9
61|88|5
61|89|4
61|90|4
61|91|10
61|92|10
61|93|9
61|94|1
61|95|10
61|96|4
61|97|8
61|98|6
61|99|4
61|100|8
62|63|10
62|64|7
62|65|5
62|66|1
62|67|3
62|68|8
62|69|5
62|70|10
62|71|9
62|72|5
62|73|8
62|74|10
62|75|5
62|76|5
62|77|6
62|78|10
62|79|6
62|80|8
62|81|9
62|82|8
62|83|5
62|84|6
62|85|10
62|86|5
62|87|2
62|88|7
62|89|9
62|90|2
62|91|9
62|92|9
62|93|7
62|94|3
62|95|10
62|96|7
62|97|4
62|98|9
62|99|6
62|100|9
63|64|3
63|65|9
63|66|4
63|67|1
63|68|1
63|69|2
63|70|5
63|71|7
63|72|9
63|73|3
63|74|2
63|75|2
63|76|9
63|77|1
63|78|6
63|79|4
63|80|2
63|81|4
63|82|3
63|83|9
63|84|7
63|85|4
63|86|6
63|87|7
63|88|9
63|89|6
63|90|1
63|91|1
63|92|8
63|93|5
63|94|7
63|95|7
63|96|3
63|97|7
63|98|2
63|99|9
63|100|3
64|65|4
64|66|6
64|67|5
64|68|6
64|69|6
64|70|5
64|71|10
64|72|7
64|73|2
64|74|1
64|75|5
64|76|4
64|77|2
64|78|4
64|79|1
64|80|3
64|81|3
64|82|1
64|83|6
64|84|7
64|85|3
64|86|1
64|87|9
64|88|7
64|89|2
64|90|8
64|91|2
64|92|8
64|93|9
64|94|7
64|95|5
64|96|7
64|97|8
64|98|6
64|99|8
64|100|9
65|66|10
65|67|8
65|68|7
65|69|7
65|70|3
65|71|3
65|72|6
65|73|4
65|74|9
65|75|4
65|76|8
65|77|4
65|78|7
65|79|8
65|80|8
65|81|1
65|82|2
65|83|3
65|84|10
65|85|2
65|86|9
65|87|1
65|88|10
65|89|5
65|90|5
65|91|5
65|92|10
65|93|2
65|94|2
65|95|4
65|96|4
65|97|7
65|98|7
65|99|7
65|100|9
66|67|5
66|68|8
66|69|3
66|70|8
66|71|1
66|72|7
66|73|7
66|74|10
66|75|7
66|76|3
66|77|8
66|78|10
66|79|8
66|80|8
66|81|5
66|82|6
66|83|2
66|84|3
66|85|6
66|86|8
66|87|6
66|88|1
66|89|8
66|90|9
66|91|8
66|92|7
66|93|9
66|94|9
66|95|7
66|96|8
66|97|9
66|98|9
66|99|5
66|100|10
67|68|6
67|69|4
67|70|2
67|71|6
67|72|6
67|73|10
67|74|2
67|75|6
67|76|7
67|77|2
67|78|7
67|79|2
67|80|5
67|81|4
67|82|3
67|83|5
67|84|2
67|85|8
67|86|10
67|87|3
67|88|6
67|89|10
67|90|9
67|91|3
67|92|1
67|93|3
67|94|1
67|95|2
67|96|1
67|97|10
67|98|6
67|99|6
67|100|2
68|69|1
68|70|5
68|71|4
68|72|6
68|73|6
68|74|9
68|75|9
68|76|6
68|77|10
68|78|4
68|79|5
68|80|9
68|81|8
68|82|7
68|83|7
68|84|3
68|85|1
68|86|3
68|87|10
68|88|5
68|89|10
68|90|9
68|91|1
68|92|5
68|93|2
68|94|1
68|95|1
68|96|10
68|97|3
68|98|7
68|99|1
68|100|3
69|70|7
69|71|3
69|72|1
69|73|7
69|74|2
69|75|2
69|76|5
69|77|5
69|78|5
69|79|6
69|80|2
69|81|5
69|82|6
69|83|7
69|84|9
69|85|10
69|86|3
69|87|6
69|88|4
69|89|1
69|90|6
69|91|3
69|92|8
69|93|1
69|94|9
69|95|3
69|96|9
69|97|2
69|98|5
69|99|2
69|100|1
70|71|1
70|72|5
70|73|1
70|74|6
70|75|1
70|76|6
70|77|5
70|78|3
70|79|9
70|80|1
70|81|6
70|82|5
70|83|5
70|84|6
70|85|3
70|86|6
70|87|8
70|88|10
70|89|8
70|90|9
70|91|10
70|92|9
70|93|7
70|94|10
70|95|1
70|96|8
70|97|1
70|98|5
70|99|6
70|100|7
71|72|5
71|73|4
71|74|7
71|75|9
71|76|6
71|77|1
71|78|1
71|79|9
71|80|4
71|81|7
71|82|2
71|83|1
71|84|7
71|85|8
71|86|6
71|87|4
71|88|2
71|89|9
71|90|7
71|91|7
71|92|4
71|93|8
71|94|7
71|95|10
71|96|10
71|97|6
71|98|9
71|99|3
71|100|1
72|73|4
72|74|5
72|75|3
72|76|8
72|77|9
72|78|3
72|79|2
72|80|5
72|81|5
72|82|2
72|83|7
72|84|7
72|85|8
72|86|5
72|87|9
72|88|6
72|89|2
72|90|4
72|91|3
72|92|3
72|93|4
72|94|7
72|95|9
72|96|2
72|97|8
72|98|1
72|99|2
72|100|4
73|74|8
73|75|7
73|76|6
73|77|9
73|78|10
73|79|10
73|80|1
73|81|1
73|82|10
73|83|4
73|84|5
73|85|9
73|86|2
73|87|3
73|88|3
73|89|8
73|90|1
73|91|8
73|92|6
73|93|4
73|94|4
73|95|2
73|96|4
73|97|8
73|98|1
73|99|2
73|100|7
74|75|8
74|76|2
74|77|4
74|78|4
74|79|4
74|80|4
74|81|1
74|82|2
74|83|9
74|84|10
74|85|10
74|86|3
74|87|9
74|88|6
74|89|3
74|90|5
74|91|8
74|92|7
74|93|10
74|94|6
74|95|9
74|96|6
74|97|2
74|98|7
74|99|4
74|100|2
75|76|3
75|77|9
75|78|6
75|79|4
75|80|8
75|81|8
75|82|5
75|83|6
75|84|1
75|85|9
75|86|3
75|87|5
75|88|9
75|89|4
75|90|10
75|91|6
75|92|1
75|93|4
75|94|3
75|95|4
75|96|9
75|97|9
75|98|1
75|99|7
75|100|4
76|77|3
76|78|1
76|79|2
76|80|9
76|81|3
76|82|2
76|83|2
76|84|10
76|85|6
76|86|10
76|87|5
76|88|5
76|89|1
76|90|3
76|91|10
76|92|6
76|93|10
76|94|6
76|95|5
76|96|2
76|97|4
76|98|9
76|99|3
76|100|8
77|78|9
77|79|8
77|80|4
77|81|10
77|82|1
77|83|7
77|84|2
77|85|7
77|86|9
77|87|10
77|88|6
77|89|8
77|90|7
77|91|5
77|92|2
77|93|10
77|94|2
77|95|5
77|96|9
77|97|9
77|98|9
77|99|5
77|100|5
78|79|2
78|80|9
78|81|7
78|82|7
78|83|1
78|84|6
78|85|7
78|86|6
78|87|6
78|88|8
78|89|7
78|90|3
78|91|8
78|92|8
78|93|9
78|94|1
78|95|7
78|96|10
78|97|8
78|98|8
78|99|8
78|100|8
79|80|1
79|81|1
79|82|2
79|83|3
79|84|4
79|85|6
79|86|2
79|87|8
79|88|7
79|89|2
79|90|2
79|91|7
79|92|3
79|93|3
79|94|6
79|95|1
79|96|8
79|97|7
79|98|7
79|99|6
79|100|4
80|81|3
80|82|4
80|83|1
80|84|7
80|85|6
80|86|1
80|87|3
80|88|9
80|89|8
80|90|5
80|91|9
80|92|5
80|93|3
80|94|9
80|95|7
80|96|4
80|97|7
80|98|10
80|99|7
80|100|3
81|82|10
81|83|7
81|84|2
81|85|6
81|86|9
81|87|6
81|88|9
81|89|9
81|90|3
81|91|10
81|92|9
81|93|9
81|94|10
81|95|3
81|96|8
81|97|4
81|98|9
81|99|7
81|100|8
82|83|4
82|84|8
82|85|8
82|86|6
82|87|7
82|88|6
82|89|1
82|90|4
82|91|1
82|92|7
82|93|10
82|94|2
82|95|10
82|96|7
82|97|10
82|98|5
82|99|5
82|100|10
83|84|5
83|85|10
83|86|3
83|87|6
83|88|6
83|89|10
83|90|6
83|91|2
83|92|7
83|93|5
83|94|10
83|95|5
83|96|3
83|97|7
83|98|2
83|99|5
83|100|10
84|85|4
84|86|8
84|87|6
84|88|10
84|89|9
84|90|2
84|91|2
84|92|6
84|93|9
84|94|8
84|95|4
84|96|8
84|97|7
84|98|9
84|99|8
84|100|9
85|86|3
85|87|1
85|88|9
85|89|8
85|90|4
85|91|5
85|92|10
85|93|4
85|94|8
85|95|4
85|96|5
85|97|3
85|98|4
85|99|2
85|100|8
86|87|10
86|88|10
86|89|1
86|90|1
86|91|2
86|92|9
86|93|7
86|94|9
86|95|2
86|96|1
86|97|3
86|98|3
86|99|8
86|100|1
87|88|8
87|89|9
87|90|9
87|91|2
87|92|8
87|93|7
87|94|10
87|95|2
87|96|5
87|97|5
87|98|5
87|99|8
87|100|6
88|89|5
88|90|9
88|91|2
88|92|7
88|93|10
88|94|6
88|95|6
88|96|2
88|97|6
88|98|8
88|99|10
88|100|4
89|90|5
89|91|2
89|92|3
89|93|10
89|94|8
89|95|4
89|96|4
89|97|9
89|98|7
89|99|10
89|100|6
90|91|1
90|92|9
90|93|2
90|94|1
90|95|4
90|96|6
90|97|10
90|98|9
90|99|7
90|100|4
91|92|4
91|93|9
91|94|4
91|95|2
91|96|4
91|97|5
91|98|8
91|99|1
91|100|5
92|93|7
92|94|1
92|95|9
92|96|9
92|97|8
92|98|7
92|99|4
92|100|9
93|94|3
93|95|9
93|96|4
93|97|4
93|98|6
93|99|3
93|100|6
94|95|1
94|96|9
94|97|8
94|98|6
94|99|6
94|100|6
95|96|3
95|97|4
95|98|10
95|99|3
95|100|2
96|97|4
96|98|5
96|99|4
96|100|4
97|98|8
97|99|7
97|100|6
98|99|8
98|100|6
99|100|7
