1|2|7
1|3|7
1|4|1
1|5|6
1|6|10
1|7|6
1|8|9
1|9|1
1|10|7
1|11|8
1|12|4
1|13|6
1|14|1
1|15|2
1|16|3
1|17|10
1|18|2
1|19|4
1|20|10
1|21|5
1|22|4
1|23|2
1|24|9
1|25|5
1|26|8
1|27|8
1|28|7
1|29|3
1|30|9
1|31|4
1|32|2
1|33|3
1|34|2
1|35|4
1|36|2
1|37|2
1|38|3
1|39|10
1|40|10
1|41|9
1|42|3
1|43|5
1|44|9
1|45|10
1|46|10
1|47|6
1|48|3
1|49|3
1|50|8
1|51|1
1|52|8
1|53|5
1|54|3
1|55|10
1|56|8
1|57|5
1|58|3
1|59|10
1|60|4
1|61|8
1|62|8
1|63|1
1|64|5
1|65|5
1|66|3
1|67|3
1|68|1
1|69|6
1|70|9
1|71|7
1|72|3
1|73|3
1|74|1
1|75|6
1|76|10
1|77|10
1|78|1
1|79|2
1|80|5
1|81|6
1|82|1
1|83|10
1|84|8
1|85|1
1|86|5
1|87|9
1|88|9
1|89|7
1|90|6
1|91|10
1|92|10
1|93|9
1|94|9
1|95|4
1|96|6
1|97|9
1|98|5
1|99|9
1|100|6
1|101|8
1|102|7
1|103|2
1|104|6
1|105|2
1|106|8
1|107|3
1|108|8
1|109|4
2|3|6
2|4|9
2|5|2
2|6|8
2|7|2
2|8|7
2|9|6
2|10|6
2|11|2
2|12|9
2|13|6
2|14|9
2|15|1
2|16|1
2|17|6
2|18|1
2|19|9
2|20|7
2|21|8
2|22|1
2|23|8
2|24|1
2|25|8
2|26|7
2|27|10
2|28|10
2|29|9
2|30|4
2|31|1
2|32|6
2|33|8
2|34|5
2|35|2
2|36|4
2|37|10
2|38|10
2|39|9
2|40|1
2|41|1
2|42|5
2|43|8
2|44|5
2|45|2
2|46|4
2|47|8
2|48|10
2|49|4
2|50|1
2|51|5
2|52|6
2|53|10
2|54|7
2|55|6
2|56|2
2|57|1
2|58|6
2|59|1
2|60|1
2|61|10
2|62|7
2|63|5
2|64|9
2|65|1
2|66|9
2|67|6
2|68|2
2|69|10
2|70|9
2|71|8
2|72|2
2|73|7
2|74|1
2|75|5
2|76|7
2|77|3
2|78|8
2|79|7
2|80|3
2|81|6
2|82|2
2|83|10
2|84|1
2|85|4
2|86|8
2|87|10
2|88|5
2|89|3
2|90|10
2|91|2
2|92|5
2|93|3
2|94|6
2|95|9
2|96|6
2|97|8
2|98|4
2|99|6
2|100|9
2|101|8
2|102|4
2|103|10
2|104|7
2|105|6
2|106|8
2|107|5
2|108|5
2|109|3
3|4|4
3|5|3
3|6|2
3|7|1
3|8|5
3|9|5
3|10|9
3|11|7
3|12|9
3|13|4
3|14|6
3|15|3
3|16|7
3|17|5
3|18|10
3|19|4
3|20|2
3|21|3
3|22|10
3|23|6
3|24|2
3|25|7
3|26|1
3|27|3
3|28|1
3|29|2
3|30|9
3|31|4
3|32|3
3|33|5
3|34|2
3|35|10
3|36|9
3|37|8
3|38|6
3|39|6
3|40|3
3|41|4
3|42|2
3|43|9
3|44|3
3|45|10
3|46|5
3|47|2
3|48|6
3|49|6
3|50|9
3|51|2
3|52|6
3|53|5
3|54|6
3|55|6
3|56|8
3|57|8
3|58|6
3|59|5
3|60|1
3|61|3
3|62|4
3|63|4
3|64|5
3|65|3
3|66|6
3|67|4
3|68|9
3|69|2
3|70|1
3|71|3
3|72|5
3|73|2
3|74|9
3|75|1
3|76|8
3|77|6
3|78|5
3|79|2
3|80|10
3|81|8
3|82|10
3|83|6
3|84|8
3|85|6
3|86|6
3|87|2
3|88|6
3|89|5
3|90|8
3|91|1
3|92|3
3|93|1
3|94|4
3|95|1
3|96|7
3|97|4
3|98|4
3|99|3
3|100|3
3|101|8
3|102|2
3|103|10
3|104|2
3|105|2
3|106|5
3|107|1
3|108|1
3|109|4
4|5|4
4|6|10
4|7|3
4|8|1
4|9|7
4|10|7
4|11|4
4|12|8
4|13|6
4|14|6
4|15|9
4|16|1
4|17|4
4|18|6
4|19|10
4|20|7
4|21|4
4|22|9
4|23|9
4|24|4
4|25|8
4|26|3
4|27|1
4|28|10
4|29|1
4|30|1
4|31|2
4|32|3
4|33|7
4|34|1
4|35|6
4|36|10
4|37|4
4|38|4
4|39|6
4|40|10
4|41|3
4|42|5
4|43|5
4|44|2
4|45|2
4|46|3
4|47|1
4|48|4
4|49|10
4|50|4
4|51|7
4|52|2
4|53|5
4|54|2
4|55|7
4|56|7
4|57|9
4|58|4
4|59|6
4|60|3
4|61|7
4|62|7
4|63|4
4|64|3
4|65|8
4|66|5
4|67|3
4|68|1
4|69|6
4|70|7
4|71|1
4|72|1
4|73|9
4|74|7
4|75|9
4|76|3
4|77|5
4|78|6
4|79|10
4|80|9
4|81|6
4|82|6
4|83|6
4|84|4
4|85|3
4|86|2
4|87|2
4|88|4
4|89|6
4|90|2
4|91|1
4|92|7
4|93|7
4|94|5
4|95|6
4|96|10
4|97|10
4|98|10
4|99|5
4|100|3
4|101|7
4|102|9
4|103|7
4|104|5
4|105|10
4|106|1
4|107|10
4|108|4
4|109|5
5|6|8
5|7|8
5|8|10
5|9|2
5|10|9
5|11|2
5|12|1
5|13|4
5|14|1
5|15|4
5|16|1
5|17|3
5|18|6
5|19|3
5|20|7
5|21|3
5|22|6
5|23|10
5|24|7
5|25|2
5|26|9
5|27|5
5|28|9
5|29|5
5|30|6
5|31|7
5|32|1
5|33|9
5|34|1
5|35|4
5|36|2
5|37|7
5|38|5
5|39|7
5|40|8
5|41|5
5|42|4
5|43|10
5|44|10
5|45|10
5|46|5
5|47|3
5|48|9
5|49|3
5|50|6
5|51|1
5|52|5
5|53|10
5|54|1
5|55|10
5|56|8
5|57|7
5|58|8
5|59|7
5|60|4
5|61|5
5|62|10
5|63|6
5|64|6
5|65|10
5|66|8
5|67|8
5|68|6
5|69|2
5|70|1
5|71|1
5|72|4
5|73|6
5|74|8
5|75|5
5|76|10
5|77|2
5|78|9
5|79|8
5|80|1
5|81|4
5|82|9
5|83|3
5|84|10
5|85|5
5|86|3
5|87|9
5|88|2
5|89|3
5|90|6
5|91|5
5|92|3
5|93|2
5|94|9
5|95|4
5|96|6
5|97|7
5|98|9
5|99|9
5|100|9
5|101|6
5|102|2
5|103|7
5|104|4
5|105|10
5|106|5
5|107|5
5|108|7
5|109|2
6|7|10
6|8|7
6|9|3
6|10|4
6|11|3
6|12|9
6|13|2
6|14|2
6|15|4
6|16|4
6|17|4
6|18|3
6|19|7
6|20|3
6|21|10
6|22|10
6|23|3
6|24|4
6|25|9
6|26|8
6|27|5
6|28|2
6|29|2
6|30|2
6|31|6
6|32|4
6|33|10
6|34|4
6|35|6
6|36|1
6|37|2
6|38|3
6|39|2
6|40|2
6|41|8
6|42|7
6|43|8
6|44|4
6|45|9
6|46|10
6|47|6
6|48|6
6|49|8
6|50|6
6|51|8
6|52|2
6|53|2
6|54|6
6|55|1
6|56|10
6|57|10
6|58|9
6|59|1
6|60|3
6|61|8
6|62|8
6|63|3
6|64|10
6|65|4
6|66|3
6|67|6
6|68|8
6|69|5
6|70|8
6|71|6
6|72|4
6|73|7
6|74|6
6|75|7
6|76|1
6|77|10
6|78|8
6|79|4
6|80|6
6|81|4
6|82|8
6|83|7
6|84|8
6|85|6
6|86|10
6|87|6
6|88|1
6|89|8
6|90|8
6|91|9
6|92|4
6|93|5
6|94|8
6|95|1
6|96|5
6|97|6
6|98|9
6|99|2
6|100|2
6|101|9
6|102|2
6|103|4
6|104|6
6|105|6
6|106|10
6|107|6
6|108|5
6|109|10
7|8|1
7|9|9
7|10|7
7|11|4
7|12|4
7|13|4
7|14|1
7|15|9
7|16|5
7|17|9
7|18|4
7|19|5
7|20|7
7|21|8
7|22|5
7|23|4
7|24|10
7|25|8
7|26|8
7|27|4
7|28|8
7|29|9
7|30|9
7|31|6
7|32|8
7|33|9
7|34|1
7|35|7
7|36|9
7|37|10
7|38|3
7|39|3
7|40|3
7|41|1
7|42|1
7|43|7
7|44|6
7|45|1
7|46|10
7|47|7
7|48|1
7|49|5
7|50|1
7|51|5
7|52|8
7|53|1
7|54|9
7|55|10
7|56|1
7|57|8
7|58|7
7|59|3
7|60|9
7|61|10
7|62|5
7|63|4
7|64|10
7|65|8
7|66|3
7|67|1
7|68|3
7|69|9
7|70|2
7|71|6
7|72|9
7|73|4
7|74|1
7|75|1
7|76|3
7|77|2
7|78|9
7|79|5
7|80|2
7|81|9
7|82|6
7|83|2
7|84|10
7|85|7
7|86|8
7|87|2
7|88|9
7|89|9
7|90|8
7|91|8
7|92|6
7|93|6
7|94|5
7|95|6
7|96|4
7|97|1
7|98|7
7|99|5
7|100|8
7|101|1
7|102|8
7|103|8
7|104|5
7|105|2
7|106|10
7|107|10
7|108|3
7|109|5
8|9|5
8|10|2
8|11|9
8|12|3
8|13|8
8|14|3
8|15|3
8|16|1
8|17|8
8|18|5
8|19|10
8|20|5
8|21|2
8|22|5
8|23|4
8|24|10
8|25|4
8|26|2
8|27|10
8|28|3
8|29|9
8|30|4
8|31|2
8|32|9
8|33|2
8|34|2
8|35|8
8|36|1
8|37|7
8|38|6
8|39|6
8|40|2
8|41|4
8|42|4
8|43|5
8|44|6
8|45|7
8|46|10
8|47|10
8|48|4
8|49|3
8|50|2
8|51|6
8|52|6
8|53|2
8|54|10
8|55|7
8|56|7
8|57|3
8|58|4
8|59|1
8|60|2
8|61|2
8|62|5
8|63|7
8|64|4
8|65|7
8|66|10
8|67|3
8|68|9
8|69|3
8|70|7
8|71|3
8|72|5
8|73|1
8|74|8
8|75|5
8|76|8
8|77|4
8|78|7
8|79|8
8|80|3
8|81|4
8|82|5
8|83|5
8|84|7
8|85|1
8|86|4
8|87|10
8|88|10
8|89|9
8|90|6
8|91|8
8|92|8
8|93|2
8|94|6
8|95|10
8|96|7
8|97|9
8|98|10
8|99|9
8|100|8
8|101|10
8|102|3
8|103|8
8|104|1
8|105|4
8|106|5
8|107|8
8|108|10
8|109|1
9|10|8
9|11|1
9|12|9
9|13|6
9|14|4
9|15|1
9|16|8
9|17|6
9|18|1
9|19|5
9|20|5
9|21|9
9|22|6
9|23|7
9|24|8
9|25|3
9|26|3
9|27|10
9|28|7
9|29|2
9|30|10
9|31|8
9|32|10
9|33|2
9|34|1
9|35|9
9|36|3
9|37|8
9|38|1
9|39|9
9|40|2
9|41|5
9|42|9
9|43|1
9|44|9
9|45|3
9|46|10
9|47|8
9|48|2
9|49|1
9|50|7
9|51|10
9|52|3
9|53|1
9|54|2
9|55|4
9|56|10
9|57|7
9|58|2
9|59|3
9|60|6
9|61|5
9|62|6
9|63|9
9|64|1
9|65|10
9|66|7
9|67|1
9|68|7
9|69|8
9|70|8
9|71|6
9|72|5
9|73|7
9|74|7
9|75|8
9|76|7
9|77|10
9|78|4
9|79|5
9|80|4
9|81|1
9|82|1
9|83|9
9|84|10
9|85|7
9|86|4
9|87|2
9|88|9
9|89|10
9|90|7
9|91|9
9|92|1
9|93|3
9|94|5
9|95|1
9|96|10
9|97|1
9|98|7
9|99|10
9|100|4
9|101|6
9|102|8
9|103|5
9|104|3
9|105|10
9|106|4
9|107|1
9|108|7
9|109|2
10|11|7
10|12|10
10|13|10
10|14|10
10|15|5
10|16|1
10|17|2
10|18|9
10|19|5
10|20|3
10|21|7
10|22|1
10|23|3
10|24|8
10|25|2
10|26|6
10|27|7
10|28|8
10|29|10
10|30|8
10|31|9
10|32|1
10|33|4
10|34|3
10|35|8
10|36|10
10|37|8
10|38|6
10|39|3
10|40|9
10|41|8
10|42|8
10|43|2
10|44|9
10|45|5
10|46|1
10|47|5
10|48|7
10|49|10
10|50|7
10|51|9
10|52|7
10|53|1
10|54|2
10|55|5
10|56|5
10|57|4
10|58|2
10|59|7
10|60|10
10|61|6
10|62|10
10|63|7
10|64|1
10|65|8
10|66|9
10|67|3
10|68|10
10|69|1
10|70|7
10|71|2
10|72|6
10|73|7
10|74|3
10|75|10
10|76|6
10|77|9
10|78|2
10|79|10
10|80|3
10|81|5
10|82|9
10|83|1
10|84|2
10|85|5
10|86|9
10|87|9
10|88|8
10|89|6
10|90|6
10|91|8
10|92|6
10|93|8
10|94|1
10|95|6
10|96|4
10|97|3
10|98|9
10|99|7
10|100|9
10|101|1
10|102|8
10|103|7
10|104|2
10|105|7
10|106|1
10|107|9
10|108|10
10|109|3
11|12|4
11|13|1
11|14|2
11|15|7
11|16|6
11|17|8
11|18|2
11|19|8
11|20|4
11|21|3
11|22|5
11|23|5
11|24|6
11|25|4
11|26|7
11|27|4
11|28|9
11|29|1
11|30|6
11|31|7
11|32|2
11|33|1
11|34|3
11|35|8
11|36|9
11|37|10
11|38|3
11|39|8
11|40|4
11|41|4
11|42|4
11|43|1
11|44|3
11|45|2
11|46|6
11|47|6
11|48|8
11|49|6
11|50|8
11|51|10
11|52|7
11|53|9
11|54|1
11|55|8
11|56|7
11|57|8
11|58|5
11|59|9
11|60|5
11|61|3
11|62|8
11|63|10
11|64|8
11|65|2
11|66|2
11|67|2
11|68|4
11|69|2
11|70|2
11|71|10
11|72|10
11|73|5
11|74|5
11|75|7
11|76|10
11|77|5
11|78|6
11|79|10
11|80|6
11|81|1
11|82|10
11|83|10
11|84|5
11|85|4
11|86|10
11|87|4
11|88|1
11|89|10
11|90|3
11|91|3
11|92|2
11|93|4
11|94|7
11|95|2
11|96|9
11|97|10
11|98|10
11|99|4
11|100|1
11|101|8
11|102|7
11|103|9
11|104|4
11|105|7
11|106|7
11|107|8
11|108|5
11|109|5
12|13|2
12|14|1
12|15|4
12|16|5
12|17|4
12|18|3
12|19|10
12|20|5
12|21|9
12|22|6
12|23|9
12|24|7
12|25|8
12|26|8
12|27|3
12|28|5
12|29|8
12|30|10
12|31|6
12|32|6
12|33|2
12|34|8
12|35|8
12|36|1
12|37|2
12|38|3
12|39|2
12|40|5
12|41|6
12|42|8
12|43|10
12|44|6
12|45|5
12|46|4
12|47|1
12|48|6
12|49|4
12|50|8
12|51|4
12|52|2
12|53|5
12|54|4
12|55|4
12|56|2
12|57|1
12|58|1
12|59|2
12|60|8
12|61|10
12|62|7
12|63|3
12|64|4
12|65|7
12|66|10
12|67|6
12|68|10
12|69|3
12|70|6
12|71|8
12|72|1
12|73|10
12|74|8
12|75|9
12|76|9
12|77|4
12|78|7
12|79|7
12|80|4
12|81|3
12|82|6
12|83|4
12|84|4
12|85|4
12|86|1
12|87|5
12|88|6
12|89|4
12|90|2
12|91|8
12|92|1
12|93|5
12|94|8
12|95|9
12|96|10
12|97|2
12|98|6
12|99|9
12|100|8
12|101|6
12|102|2
12|103|5
12|104|3
12|105|1
12|106|9
12|107|1
12|108|10
12|109|10
13|14|9
13|15|4
13|16|9
13|17|7
13|18|10
13|19|10
13|20|4
13|21|8
13|22|9
13|23|10
13|24|2
13|25|5
13|26|5
13|27|2
13|28|10
13|29|3
13|30|6
13|31|10
13|32|1
13|33|4
13|34|2
13|35|5
13|36|4
13|37|3
13|38|6
13|39|6
13|40|2
13|41|2
13|42|4
13|43|8
13|44|7
13|45|8
13|46|9
13|47|3
13|48|8
13|49|1
13|50|1
13|51|5
13|52|8
13|53|5
13|54|10
13|55|9
13|56|5
13|57|9
13|58|7
13|59|10
13|60|1
13|61|1
13|62|8
13|63|7
13|64|9
13|65|2
13|66|6
13|67|7
13|68|2
13|69|10
13|70|9
13|71|1
13|72|10
13|73|10
13|74|10
13|75|2
13|76|9
13|77|8
13|78|9
13|79|8
13|80|10
13|81|8
13|82|6
13|83|2
13|84|8
13|85|4
13|86|6
13|87|8
13|88|7
13|89|6
13|90|4
13|91|8
13|92|5
13|93|2
13|94|6
13|95|2
13|96|9
13|97|6
13|98|1
13|99|4
13|100|4
13|101|7
13|102|9
13|103|7
13|104|2
13|105|8
13|106|2
13|107|1
13|108|4
13|109|8
14|15|2
14|16|8
14|17|6
14|18|6
14|19|6
14|20|1
14|21|2
14|22|7
14|23|5
14|24|6
14|25|4
14|26|8
14|27|8
14|28|9
14|29|8
14|30|1
14|31|9
14|32|6
14|33|5
14|34|4
14|35|7
14|36|2
14|37|5
14|38|10
14|39|5
14|40|2
14|41|3
14|42|9
14|43|2
14|44|4
14|45|3
14|46|9
14|47|3
14|48|3
14|49|10
14|50|6
14|51|1
14|52|10
14|53|10
14|54|7
14|55|9
14|56|10
14|57|5
14|58|5
14|59|8
14|60|4
14|61|9
14|62|6
14|63|8
14|64|2
14|65|6
14|66|1
14|67|6
14|68|1
14|69|9
14|70|1
14|71|4
14|72|3
14|73|5
14|74|1
14|75|9
14|76|2
14|77|5
14|78|4
14|79|10
14|80|3
14|81|3
14|82|1
14|83|8
14|84|9
14|85|2
14|86|7
14|87|7
14|88|8
14|89|4
14|90|5
14|91|1
14|92|6
14|93|4
14|94|1
14|95|7
14|96|5
14|97|1
14|98|2
14|99|9
14|100|6
14|101|3
14|102|3
14|103|3
14|104|6
14|105|4
14|106|8
14|107|9
14|108|1
14|109|8
15|16|9
15|17|6
15|18|9
15|19|5
15|20|5
15|21|8
15|22|8
15|23|4
15|24|5
15|25|7
15|26|7
15|27|3
15|28|2
15|29|5
15|30|1
15|31|9
15|32|9
15|33|5
15|34|3
15|35|8
15|36|10
15|37|5
15|38|8
15|39|9
15|40|6
15|41|5
15|42|5
15|43|9
15|44|9
15|45|3
15|46|8
15|47|9
15|48|5
15|49|9
15|50|8
15|51|6
15|52|1
15|53|7
15|54|3
15|55|3
15|56|10
15|57|3
15|58|5
15|59|5
15|60|8
15|61|7
15|62|10
15|63|2
15|64|2
15|65|5
15|66|5
15|67|10
15|68|8
15|69|3
15|70|6
15|71|7
15|72|2
15|73|4
15|74|6
15|75|10
15|76|4
15|77|2
15|78|5
15|79|4
15|80|7
15|81|2
15|82|3
15|83|6
15|84|3
15|85|5
15|86|8
15|87|7
15|88|8
15|89|2
15|90|5
15|91|9
15|92|9
15|93|6
15|94|8
15|95|6
15|96|8
15|97|5
15|98|9
15|99|5
15|100|5
15|101|3
15|102|4
15|103|2
15|104|10
15|105|2
15|106|6
15|107|8
15|108|10
15|109|4
16|17|9
16|18|7
16|19|10
16|20|1
16|21|6
16|22|9
16|23|10
16|24|1
16|25|6
16|26|1
16|27|8
16|28|8
16|29|3
16|30|9
16|31|4
16|32|3
16|33|3
16|34|6
16|35|5
16|36|5
16|37|6
16|38|1
16|39|10
16|40|10
16|41|1
16|42|9
16|43|2
16|44|7
16|45|7
16|46|5
16|47|5
16|48|6
16|49|9
16|50|4
16|51|7
16|52|2
16|53|2
16|54|5
16|55|2
16|56|2
16|57|10
16|58|5
16|59|8
16|60|1
16|61|2
16|62|7
16|63|2
16|64|4
16|65|1
16|66|6
16|67|2
16|68|10
16|69|1
16|70|5
16|71|4
16|72|5
16|73|5
16|74|8
16|75|8
16|76|8
16|77|3
16|78|1
16|79|8
16|80|4
16|81|6
16|82|10
16|83|4
16|84|5
16|85|4
16|86|9
16|87|10
16|88|6
16|89|4
16|90|4
16|91|5
16|92|3
16|93|7
16|94|5
16|95|4
16|96|8
16|97|6
16|98|8
16|99|7
16|100|9
16|101|3
16|102|8
16|103|9
16|104|9
16|105|2
16|106|2
16|107|7
16|108|9
16|109|7
17|18|2
17|19|10
17|20|2
17|21|9
17|22|6
17|23|9
17|24|1
17|25|8
17|26|2
17|27|2
17|28|9
17|29|9
17|30|8
17|31|6
17|32|5
17|33|2
17|34|6
17|35|8
17|36|7
17|37|3
17|38|3
17|39|5
17|40|4
17|41|4
17|42|10
17|43|10
17|44|2
17|45|7
17|46|1
17|47|5
17|48|3
17|49|3
17|50|8
17|51|2
17|52|5
17|53|3
17|54|7
17|55|2
17|56|8
17|57|7
17|58|10
17|59|5
17|60|5
17|61|10
17|62|3
17|63|4
17|64|6
17|65|2
17|66|2
17|67|6
17|68|4
17|69|4
17|70|5
17|71|2
17|72|7
17|73|4
17|74|5
17|75|10
17|76|8
17|77|9
17|78|5
17|79|8
17|80|10
17|81|4
17|82|8
17|83|8
17|84|10
17|85|9
17|86|9
17|87|8
17|88|2
17|89|10
17|90|6
17|91|6
17|92|5
17|93|3
17|94|8
17|95|2
17|96|6
17|97|10
17|98|6
17|99|4
17|100|8
17|101|7
17|102|7
17|103|1
17|104|5
17|105|6
17|106|5
17|107|10
17|108|3
17|109|5
18|19|8
18|20|3
18|21|3
18|22|7
18|23|6
18|24|5
18|25|6
18|26|8
18|27|3
18|28|1
18|29|5
18|30|10
18|31|1
18|32|8
18|33|10
18|34|1
18|35|1
18|36|10
18|37|5
18|38|10
18|39|7
18|40|4
18|41|3
18|42|9
18|43|1
18|44|6
18|45|8
18|46|3
18|47|6
18|48|4
18|49|6
18|50|2
18|51|8
18|52|7
18|53|7
18|54|10
18|55|1
18|56|2
18|57|3
18|58|4
18|59|8
18|60|9
18|61|4
18|62|2
18|63|2
18|64|9
18|65|8
18|66|5
18|67|6
18|68|6
18|69|1
18|70|9
18|71|3
18|72|6
18|73|2
18|74|8
18|75|7
18|76|9
18|77|7
18|78|4
18|79|8
18|80|10
18|81|6
18|82|10
18|83|1
18|84|5
18|85|1
18|86|8
18|87|2
18|88|6
18|89|7
18|90|3
18|91|10
18|92|6
18|93|4
18|94|9
18|95|1
18|96|8
18|97|3
18|98|8
18|99|8
18|100|2
18|101|8
18|102|9
18|103|7
18|104|4
18|105|10
18|106|3
18|107|9
18|108|1
18|109|6
19|20|8
19|21|6
19|22|6
19|23|3
19|24|6
19|25|10
19|26|5
19|27|1
19|28|5
19|29|10
19|30|7
19|31|10
19|32|5
19|33|1
19|34|3
19|35|7
19|36|1
19|37|2
19|38|7
19|39|7
19|40|4
19|41|9
19|42|3
19|43|1
19|44|9
19|45|5
19|46|9
19|47|8
19|48|3
19|49|6
19|50|3
19|51|1
19|52|6
19|53|8
19|54|2
19|55|7
19|56|9
19|57|6
19|58|5
19|59|10
19|60|1
19|61|4
19|62|4
19|63|3
19|64|6
19|65|8
19|66|2
19|67|4
19|68|4
19|69|5
19|70|5
19|71|10
19|72|6
19|73|6
19|74|1
19|75|1
19|76|4
19|77|10
19|78|4
19|79|3
19|80|5
19|81|10
19|82|7
19|83|1
19|84|4
19|85|1
19|86|8
19|87|6
19|88|7
19|89|2
19|90|3
19|91|4
19|92|5
19|93|1
19|94|2
19|95|5
19|96|6
19|97|8
19|98|8
19|99|4
19|100|5
19|101|10
19|102|2
19|103|9
19|104|10
19|105|10
19|106|3
19|107|8
19|108|2
19|109|7
20|21|6
20|22|7
20|23|10
20|24|8
20|25|4
20|26|1
20|27|5
20|28|5
20|29|6
20|30|4
20|31|1
20|32|7
20|33|6
20|34|2
20|35|8
20|36|7
20|37|4
20|38|2
20|39|8
20|40|10
20|41|3
20|42|1
20|43|10
20|44|9
20|45|3
20|46|1
20|47|5
20|48|1
20|49|2
20|50|3
20|51|5
20|52|7
20|53|7
20|54|3
20|55|5
20|56|7
20|57|10
20|58|9
20|59|2
20|60|8
20|61|1
20|62|10
20|63|5
20|64|6
20|65|10
20|66|10
20|67|8
20|68|10
20|69|1
20|70|3
20|71|2
20|72|7
20|73|7
20|74|4
20|75|2
20|76|1
20|77|10
20|78|10
20|79|6
20|80|8
20|81|10
20|82|5
20|83|10
20|84|9
20|85|2
20|86|4
20|87|6
20|88|3
20|89|9
20|90|5
20|91|9
20|92|5
20|93|3
20|94|7
20|95|5
20|96|4
20|97|8
20|98|4
20|99|6
20|100|3
20|101|7
20|102|10
20|103|4
20|104|6
20|105|7
20|106|2
20|107|6
20|108|2
20|109|1
21|22|7
21|23|4
21|24|4
21|25|5
21|26|7
21|27|6
21|28|9
21|29|2
21|30|3
21|31|5
21|32|9
21|33|1
21|34|6
21|35|8
21|36|9
21|37|7
21|38|6
21|39|7
21|40|10
21|41|3
21|42|7
21|43|10
21|44|1
21|45|6
21|46|7
21|47|1
21|48|2
21|49|10
21|50|1
21|51|3
21|52|5
21|53|2
21|54|8
21|55|6
21|56|9
21|57|5
21|58|8
21|59|4
21|60|8
21|61|2
21|62|8
21|63|5
21|64|5
21|65|9
21|66|4
21|67|4
21|68|8
21|69|8
21|70|8
21|71|2
21|72|8
21|73|1
21|74|9
21|75|10
21|76|6
21|77|7
21|78|1
21|79|9
21|80|6
21|81|2
21|82|1
21|83|3
21|84|1
21|85|9
21|86|2
21|87|10
21|88|2
21|89|4
21|90|6
21|91|1
21|92|5
21|93|5
21|94|9
21|95|9
21|96|6
21|97|1
21|98|10
21|99|6
21|100|7
21|101|1
21|102|3
21|103|4
21|104|6
21|105|5
21|106|2
21|107|1
21|108|8
21|109|1
22|23|1
22|24|6
22|25|4
22|26|8
22|27|2
22|28|2
22|29|8
22|30|9
22|31|1
22|32|3
22|33|4
22|34|6
22|35|4
22|36|5
22|37|3
22|38|1
22|39|9
22|40|1
22|41|3
22|42|10
22|43|9
22|44|10
22|45|9
22|46|8
22|47|1
22|48|2
22|49|8
22|50|3
22|51|3
22|52|1
22|53|1
22|54|7
22|55|10
22|56|8
22|57|7
22|58|2
22|59|4
22|60|2
22|61|1
22|62|9
22|63|2
22|64|9
22|65|6
22|66|1
22|67|5
22|68|4
22|69|9
22|70|8
22|71|6
22|72|6
22|73|3
22|74|4
22|75|7
22|76|1
22|77|4
22|78|7
22|79|10
22|80|8
22|81|4
22|82|5
22|83|2
22|84|9
22|85|4
22|86|7
22|87|7
22|88|4
22|89|4
22|90|10
22|91|7
22|92|7
22|93|9
22|94|1
22|95|2
22|96|3
22|97|8
22|98|7
22|99|7
22|100|5
22|101|6
22|102|10
22|103|5
22|104|10
22|105|9
22|106|2
22|107|8
22|108|1
22|109|9
23|24|9
23|25|4
23|26|3
23|27|5
23|28|5
23|29|3
23|30|6
23|31|6
23|32|3
23|33|6
23|34|9
23|35|2
23|36|10
23|37|1
23|38|5
23|39|6
23|40|8
23|41|2
23|42|6
23|43|9
23|44|8
23|45|4
23|46|9
23|47|10
23|48|4
23|49|5
23|50|1
23|51|9
23|52|8
23|53|2
23|54|9
23|55|8
23|56|3
23|57|2
23|58|7
23|59|8
23|60|4
23|61|5
23|62|9
23|63|9
23|64|10
23|65|6
23|66|6
23|67|2
23|68|6
23|69|2
23|70|9
23|71|6
23|72|9
23|73|8
23|74|5
23|75|6
23|76|1
23|77|6
23|78|6
23|79|3
23|80|10
23|81|2
23|82|6
23|83|4
23|84|4
23|85|3
23|86|8
23|87|8
23|88|6
23|89|5
23|90|7
23|91|3
23|92|6
23|93|2
23|94|9
23|95|5
23|96|2
23|97|4
23|98|10
23|99|3
23|100|2
23|101|9
23|102|9
23|103|3
23|104|6
23|105|1
23|106|2
23|107|5
23|108|5
23|109|5
24|25|8
24|26|4
24|27|1
24|28|2
24|29|2
24|30|6
24|31|2
24|32|5
24|33|7
24|34|8
24|35|8
24|36|1
24|37|10
24|38|3
24|39|2
24|40|4
24|41|6
24|42|4
24|43|4
24|44|10
24|45|7
24|46|9
24|47|4
24|48|3
24|49|2
24|50|6
24|51|4
24|52|9
24|53|10
24|54|4
24|55|7
24|56|4
24|57|1
24|58|8
24|59|1
24|60|7
24|61|7
24|62|2
24|63|4
24|64|7
24|65|7
24|66|5
24|67|8
24|68|10
24|69|5
24|70|4
24|71|5
24|72|2
24|73|3
24|74|1
24|75|7
24|76|9
24|77|3
24|78|1
24|79|5
24|80|4
24|81|9
24|82|4
24|83|4
24|84|9
24|85|6
24|86|9
24|87|6
24|88|6
24|89|8
24|90|5
24|91|5
24|92|3
24|93|8
24|94|5
24|95|9
24|96|4
24|97|6
24|98|7
24|99|4
24|100|2
24|101|10
24|102|2
24|103|4
24|104|2
24|105|2
24|106|9
24|107|1
24|108|5
24|109|6
25|26|10
25|27|3
25|28|8
25|29|10
25|30|9
25|31|6
25|32|4
25|33|6
25|34|5
25|35|9
25|36|10
25|37|1
25|38|6
25|39|4
25|40|1
25|41|9
25|42|9
25|43|9
25|44|7
25|45|7
25|46|9
25|47|9
25|48|5
25|49|8
25|50|1
25|51|6
25|52|8
25|53|7
25|54|7
25|55|10
25|56|8
25|57|7
25|58|7
25|59|2
25|60|1
25|61|8
25|62|10
25|63|3
25|64|5
25|65|5
25|66|9
25|67|4
25|68|8
25|69|9
25|70|3
25|71|9
25|72|9
25|73|7
25|74|10
25|75|4
25|76|9
25|77|9
25|78|3
25|79|4
25|80|3
25|81|8
25|82|1
25|83|8
25|84|6
25|85|10
25|86|7
25|87|5
25|88|8
25|89|2
25|90|3
25|91|1
25|92|1
25|93|6
25|94|9
25|95|1
25|96|2
25|97|7
25|98|5
25|99|8
25|100|3
25|101|10
25|102|3
25|103|1
25|104|1
25|105|6
25|106|10
25|107|6
25|108|4
25|109|2
26|27|7
26|28|8
26|29|10
26|30|2
26|31|9
26|32|8
26|33|2
26|34|7
26|35|6
26|36|3
26|37|7
26|38|8
26|39|1
26|40|8
26|41|9
26|42|7
26|43|9
26|44|2
26|45|7
26|46|8
26|47|5
26|48|8
26|49|3
26|50|7
26|51|10
26|52|3
26|53|7
26|54|6
26|55|9
26|56|6
26|57|3
26|58|9
26|59|2
26|60|8
26|61|1
26|62|7
26|63|4
26|64|7
26|65|2
26|66|10
26|67|10
26|68|5
26|69|4
26|70|10
26|71|2
26|72|10
26|73|1
26|74|9
26|75|6
26|76|5
26|77|10
26|78|1
26|79|6
26|80|6
26|81|6
26|82|9
26|83|9
26|84|10
26|85|3
26|86|1
26|87|5
26|88|10
26|89|6
26|90|5
26|91|6
26|92|9
26|93|9
26|94|2
26|95|7
26|96|8
26|97|8
26|98|2
26|99|3
26|100|3
26|101|8
26|102|10
26|103|1
26|104|10
26|105|8
26|106|4
26|107|9
26|108|5
26|109|5
27|28|1
27|29|3
27|30|5
27|31|5
27|32|3
27|33|1
27|34|5
27|35|10
27|36|3
27|37|7
27|38|4
27|39|2
27|40|7
27|41|8
27|42|8
27|43|10
27|44|6
27|45|5
27|46|4
27|47|3
27|48|3
27|49|2
27|50|3
27|51|8
27|52|3
27|53|3
27|54|6
27|55|1
27|56|2
27|57|5
27|58|6
27|59|7
27|60|1
27|61|1
27|62|2
27|63|9
27|64|4
27|65|4
27|66|9
27|67|7
27|68|6
27|69|7
27|70|2
27|71|8
27|72|6
27|73|4
27|74|1
27|75|7
27|76|4
27|77|4
27|78|8
27|79|2
27|80|9
27|81|5
27|82|1
27|83|7
27|84|4
27|85|1
27|86|10
27|87|7
27|88|4
27|89|1
27|90|2
27|91|5
27|92|9
27|93|9
27|94|4
27|95|10
27|96|9
27|97|1
27|98|7
27|99|6
27|100|5
27|101|1
27|102|1
27|103|3
27|104|10
27|105|1
27|106|7
27|107|10
27|108|10
27|109|10
28|29|2
28|30|10
28|31|2
28|32|2
28|33|1
28|34|10
28|35|5
28|36|3
28|37|7
28|38|8
28|39|6
28|40|8
28|41|8
28|42|6
28|43|3
28|44|5
28|45|6
28|46|8
28|47|9
28|48|2
28|49|3
28|50|1
28|51|4
28|52|6
28|53|5
28|54|4
28|55|5
28|56|2
28|57|6
28|58|10
28|59|10
28|60|10
28|61|4
28|62|4
28|63|2
28|64|2
28|65|9
28|66|1
28|67|6
28|68|6
28|69|10
28|70|7
28|71|9
28|72|9
28|73|6
28|74|2
28|75|4
28|76|10
28|77|3
28|78|10
28|79|5
28|80|1
28|81|8
28|82|7
28|83|2
28|84|6
28|85|1
28|86|4
28|87|3
28|88|6
28|89|4
28|90|9
28|91|1
28|92|8
28|93|5
28|94|1
28|95|4
28|96|2
28|97|4
28|98|4
28|99|2
28|100|8
28|101|4
28|102|1
28|103|10
28|104|5
28|105|2
28|106|8
28|107|6
28|108|1
28|109|5
29|30|7
29|31|7
29|32|9
29|33|5
29|34|3
29|35|9
29|36|1
29|37|5
29|38|3
29|39|4
29|40|9
29|41|8
29|42|8
29|43|3
29|44|5
29|45|7
29|46|2
29|47|5
29|48|2
29|49|7
29|50|2
29|51|4
29|52|3
29|53|3
29|54|7
29|55|9
29|56|7
29|57|4
29|58|3
29|59|10
29|60|10
29|61|7
29|62|1
29|63|4
29|64|2
29|65|6
29|66|2
29|67|1
29|68|9
29|69|1
29|70|3
29|71|6
29|72|10
29|73|2
29|74|1
29|75|4
29|76|1
29|77|3
29|78|10
29|79|6
29|80|2
29|81|6
29|82|6
29|83|9
29|84|5
29|85|2
29|86|7
29|87|2
29|88|3
29|89|3
29|90|8
29|91|7
29|92|10
29|93|1
29|94|10
29|95|8
29|96|3
29|97|4
29|98|1
29|99|4
29|100|6
29|101|6
29|102|5
29|103|9
29|104|8
29|105|10
29|106|7
29|107|6
29|108|10
29|109|4
30|31|8
30|32|7
30|33|3
30|34|2
30|35|9
30|36|3
30|37|2
30|38|2
30|39|5
30|40|10
30|41|8
30|42|7
30|43|4
30|44|4
30|45|3
30|46|7
30|47|10
30|48|2
30|49|7
30|50|9
30|51|1
30|52|9
30|53|5
30|54|4
30|55|4
30|56|3
30|57|3
30|58|2
30|59|3
30|60|2
30|61|10
30|62|5
30|63|8
30|64|4
30|65|10
30|66|7
30|67|9
30|68|5
30|69|2
30|70|10
30|71|7
30|72|1
30|73|5
30|74|1
30|75|8
30|76|2
30|77|6
30|78|8
30|79|2
30|80|2
30|81|1
30|82|4
30|83|2
30|84|3
30|85|4
30|86|5
30|87|7
30|88|4
30|89|4
30|90|10
30|91|6
30|92|2
30|93|6
30|94|1
30|95|6
30|96|4
30|97|5
30|98|7
30|99|2
30|100|9
30|101|8
30|102|5
30|103|7
30|104|1
30|105|10
30|106|4
30|107|1
30|108|2
30|109|9
31|32|1
31|33|7
31|34|9
31|35|3
31|36|2
31|37|6
31|38|3
31|39|4
31|40|5
31|41|6
31|42|8
31|43|7
31|44|8
31|45|3
31|46|2
31|47|1
31|48|3
31|49|9
31|50|4
31|51|4
31|52|9
31|53|8
31|54|3
31|55|10
31|56|2
31|57|7
31|58|4
31|59|4
31|60|2
31|61|5
31|62|2
31|63|10
31|64|7
31|65|6
31|66|4
31|67|10
31|68|5
31|69|2
31|70|5
31|71|2
31|72|2
31|73|6
31|74|7
31|75|2
31|76|2
31|77|3
31|78|2
31|79|2
31|80|7
31|81|2
31|82|10
31|83|10
31|84|7
31|85|4
31|86|5
31|87|5
31|88|10
31|89|3
31|90|2
31|91|4
31|92|1
31|93|3
31|94|5
31|95|5
31|96|1
31|97|9
31|98|4
31|99|5
31|100|5
31|101|4
31|102|3
31|103|8
31|104|7
31|105|10
31|106|4
31|107|3
31|108|6
31|109|2
32|33|10
32|34|3
32|35|7
32|36|8
32|37|3
32|38|9
32|39|10
32|40|4
32|41|2
32|42|4
32|43|7
32|44|7
32|45|2
32|46|5
32|47|2
32|48|8
32|49|6
32|50|4
32|51|7
32|52|2
32|53|5
32|54|5
32|55|5
32|56|2
32|57|6
32|58|6
32|59|9
32|60|6
32|61|3
32|62|8
32|63|6
32|64|4
32|65|9
32|66|4
32|67|7
32|68|10
32|69|6
32|70|3
32|71|2
32|72|7
32|73|7
32|74|10
32|75|1
32|76|8
32|77|5
32|78|3
32|79|6
32|80|3
32|81|7
32|82|4
32|83|5
32|84|7
32|85|5
32|86|5
32|87|1
32|88|8
32|89|9
32|90|10
32|91|3
32|92|5
32|93|6
32|94|9
32|95|1
32|96|2
32|97|6
32|98|9
32|99|1
32|100|6
32|101|8
32|102|9
32|103|3
32|104|10
32|105|7
32|106|6
32|107|4
32|108|4
32|109|2
33|34|10
33|35|1
33|36|2
33|37|7
33|38|4
33|39|3
33|40|10
33|41|5
33|42|7
33|43|7
33|44|3
33|45|3
33|46|7
33|47|9
33|48|5
33|49|6
33|50|3
33|51|4
33|52|7
33|53|10
33|54|10
33|55|5
33|56|8
33|57|10
33|58|1
33|59|4
33|60|10
33|61|5
33|62|1
33|63|4
33|64|4
33|65|5
33|66|5
33|67|10
33|68|6
33|69|9
33|70|10
33|71|5
33|72|2
33|73|8
33|74|3
33|75|7
33|76|5
33|77|8
33|78|3
33|79|9
33|80|8
33|81|10
33|82|5
33|83|5
33|84|6
33|85|7
33|86|9
33|87|9
33|88|4
33|89|9
33|90|4
33|91|9
33|92|5
33|93|1
33|94|8
33|95|6
33|96|8
33|97|10
33|98|10
33|99|8
33|100|3
33|101|4
33|102|1
33|103|8
33|104|2
33|105|2
33|106|1
33|107|3
33|108|9
33|109|10
34|35|3
34|36|3
34|37|4
34|38|7
34|39|10
34|40|7
34|41|10
34|42|4
34|43|3
34|44|7
34|45|7
34|46|9
34|47|8
34|48|6
34|49|5
34|50|4
34|51|6
34|52|9
34|53|4
34|54|4
34|55|2
34|56|7
34|57|10
34|58|8
34|59|6
34|60|3
34|61|3
34|62|9
34|63|2
34|64|10
34|65|3
34|66|9
34|67|2
34|68|8
34|69|7
34|70|9
34|71|1
34|72|4
34|73|1
34|74|6
34|75|9
34|76|9
34|77|6
34|78|6
34|79|2
34|80|6
34|81|9
34|82|1
34|83|2
34|84|6
34|85|8
34|86|4
34|87|9
34|88|1
34|89|1
34|90|6
34|91|1
34|92|8
34|93|4
34|94|9
34|95|9
34|96|6
34|97|7
34|98|5
34|99|2
34|100|1
34|101|9
34|102|1
34|103|10
34|104|2
34|105|6
34|106|8
34|107|1
34|108|7
34|109|10
35|36|7
35|37|10
35|38|6
35|39|10
35|40|6
35|41|9
35|42|2
35|43|5
35|44|4
35|45|7
35|46|10
35|47|6
35|48|2
35|49|6
35|50|1
35|51|5
35|52|10
35|53|7
35|54|1
35|55|3
35|56|10
35|57|10
35|58|5
35|59|6
35|60|10
35|61|8
35|62|10
35|63|9
35|64|9
35|65|3
35|66|1
35|67|9
35|68|5
35|69|10
35|70|7
35|71|8
35|72|1
35|73|6
35|74|9
35|75|10
35|76|7
35|77|9
35|78|1
35|79|10
35|80|4
35|81|8
35|82|4
35|83|4
35|84|1
35|85|3
35|86|3
35|87|10
35|88|8
35|89|5
35|90|5
35|91|9
35|92|2
35|93|10
35|94|10
35|95|4
35|96|6
35|97|3
35|98|6
35|99|3
35|100|4
35|101|3
35|102|7
35|103|6
35|104|3
35|105|4
35|106|1
35|107|6
35|108|5
35|109|4
36|37|7
36|38|4
36|39|7
36|40|8
36|41|6
36|42|7
36|43|7
36|44|1
36|45|8
36|46|10
36|47|5
36|48|2
36|49|7
36|50|7
36|51|7
36|52|7
36|53|7
36|54|7
36|55|4
36|56|3
36|57|8
36|58|4
36|59|1
36|60|10
36|61|6
36|62|7
36|63|6
36|64|10
36|65|4
36|66|4
36|67|10
36|68|9
36|69|4
36|70|8
36|71|1
36|72|7
36|73|9
36|74|6
36|75|3
36|76|9
36|77|2
36|78|6
36|79|7
36|80|1
36|81|3
36|82|1
36|83|4
36|84|6
36|85|10
36|86|6
36|87|2
36|88|10
36|89|2
36|90|5
36|91|7
36|92|8
36|93|5
36|94|5
36|95|8
36|96|10
36|97|4
36|98|3
36|99|4
36|100|3
36|101|8
36|102|2
36|103|4
36|104|4
36|105|7
36|106|2
36|107|8
36|108|7
36|109|3
37|38|8
37|39|5
37|40|5
37|41|7
37|42|9
37|43|8
37|44|2
37|45|3
37|46|9
37|47|3
37|48|1
37|49|1
37|50|8
37|51|4
37|52|3
37|53|9
37|54|9
37|55|8
37|56|4
37|57|8
37|58|5
37|59|6
37|60|2
37|61|5
37|62|3
37|63|4
37|64|9
37|65|6
37|66|9
37|67|7
37|68|8
37|69|8
37|70|10
37|71|2
37|72|3
37|73|2
37|74|8
37|75|8
37|76|8
37|77|1
37|78|10
37|79|3
37|80|10
37|81|1
37|82|8
37|83|10
37|84|9
37|85|3
37|86|3
37|87|6
37|88|1
37|89|8
37|90|8
37|91|7
37|92|5
37|93|7
37|94|2
37|95|5
37|96|6
37|97|2
37|98|2
37|99|4
37|100|3
37|101|9
37|102|8
37|103|2
37|104|5
37|105|9
37|106|7
37|107|6
37|108|3
37|109|10
38|39|4
38|40|3
38|41|10
38|42|8
38|43|9
38|44|4
38|45|9
38|46|10
38|47|4
38|48|6
38|49|7
38|50|5
38|51|7
38|52|5
38|53|5
38|54|9
38|55|5
38|56|9
38|57|7
38|58|5
38|59|2
38|60|6
38|61|4
38|62|1
38|63|9
38|64|8
38|65|4
38|66|3
38|67|10
38|68|5
38|69|1
38|70|3
38|71|6
38|72|6
38|73|6
38|74|6
38|75|4
38|76|3
38|77|5
38|78|6
38|79|9
38|80|2
38|81|9
38|82|8
38|83|5
38|84|1
38|85|7
38|86|4
38|87|1
38|88|8
38|89|6
38|90|10
38|91|8
38|92|7
38|93|2
38|94|9
38|95|2
38|96|2
38|97|9
38|98|6
38|99|5
38|100|2
38|101|5
38|102|6
38|103|5
38|104|3
38|105|4
38|106|10
38|107|8
38|108|3
38|109|2
39|40|5
39|41|10
39|42|3
39|43|9
39|44|3
39|45|2
39|46|5
39|47|5
39|48|3
39|49|5
39|50|3
39|51|9
39|52|1
39|53|3
39|54|7
39|55|8
39|56|1
39|57|1
39|58|4
39|59|5
39|60|2
39|61|1
39|62|2
39|63|2
39|64|6
39|65|6
39|66|4
39|67|10
39|68|9
39|69|9
39|70|10
39|71|2
39|72|6
39|73|6
39|74|3
39|75|3
39|76|9
39|77|1
39|78|10
39|79|6
39|80|4
39|81|1
39|82|7
39|83|5
39|84|6
39|85|7
39|86|5
39|87|5
39|88|2
39|89|10
39|90|5
39|91|6
39|92|9
39|93|9
39|94|7
39|95|2
39|96|5
39|97|9
39|98|3
39|99|2
39|100|8
39|101|9
39|102|5
39|103|6
39|104|6
39|105|2
39|106|5
39|107|6
39|108|1
39|109|6
40|41|1
40|42|8
40|43|6
40|44|1
40|45|4
40|46|4
40|47|5
40|48|8
40|49|10
40|50|7
40|51|5
40|52|2
40|53|3
40|54|10
40|55|7
40|56|6
40|57|7
40|58|9
40|59|3
40|60|10
40|61|9
40|62|1
40|63|6
40|64|8
40|65|5
40|66|7
40|67|5
40|68|7
40|69|4
40|70|6
40|71|2
40|72|6
40|73|8
40|74|4
40|75|6
40|76|10
40|77|9
40|78|4
40|79|7
40|80|9
40|81|10
40|82|7
40|83|10
40|84|8
40|85|2
40|86|5
40|87|6
40|88|8
40|89|2
40|90|3
40|91|8
40|92|7
40|93|5
40|94|1
40|95|3
40|96|8
40|97|4
40|98|1
40|99|3
40|100|5
40|101|8
40|102|9
40|103|5
40|104|7
40|105|6
40|106|7
40|107|5
40|108|6
40|109|2
41|42|4
41|43|8
41|44|7
41|45|8
41|46|2
41|47|8
41|48|6
41|49|4
41|50|10
41|51|6
41|52|10
41|53|6
41|54|5
41|55|8
41|56|5
41|57|3
41|58|2
41|59|8
41|60|4
41|61|6
41|62|10
41|63|10
41|64|8
41|65|1
41|66|10
41|67|10
41|68|2
41|69|1
41|70|10
41|71|8
41|72|5
41|73|5
41|74|9
41|75|5
41|76|4
41|77|7
41|78|2
41|79|10
41|80|1
41|81|7
41|82|5
41|83|7
41|84|6
41|85|5
41|86|6
41|87|1
41|88|2
41|89|5
41|90|5
41|91|6
41|92|7
41|93|2
41|94|1
41|95|9
41|96|5
41|97|7
41|98|9
41|99|2
41|100|1
41|101|4
41|102|3
41|103|4
41|104|9
41|105|3
41|106|10
41|107|2
41|108|8
41|109|6
42|43|10
42|44|6
42|45|6
42|46|10
42|47|3
42|48|10
42|49|5
42|50|1
42|51|2
42|52|3
42|53|3
42|54|4
42|55|2
42|56|9
42|57|8
42|58|3
42|59|1
42|60|8
42|61|4
42|62|10
42|63|4
42|64|7
42|65|2
42|66|8
42|67|5
42|68|4
42|69|8
42|70|4
42|71|10
42|72|4
42|73|8
42|74|4
42|75|10
42|76|10
42|77|7
42|78|7
42|79|4
42|80|5
42|81|5
42|82|5
42|83|7
42|84|1
42|85|1
42|86|5
42|87|2
42|88|3
42|89|7
42|90|5
42|91|3
42|92|4
42|93|8
42|94|9
42|95|10
42|96|4
42|97|10
42|98|6
42|99|10
42|100|6
42|101|8
42|102|10
42|103|3
42|104|4
42|105|1
42|106|1
42|107|8
42|108|3
42|109|5
43|44|10
43|45|9
43|46|1
43|47|3
43|48|6
43|49|5
43|50|7
43|51|1
43|52|8
43|53|2
43|54|6
43|55|10
43|56|4
43|57|7
43|58|5
43|59|10
43|60|9
43|61|6
43|62|8
43|63|10
43|64|5
43|65|7
43|66|7
43|67|10
43|68|1
43|69|9
43|70|4
43|71|7
43|72|8
43|73|7
43|74|6
43|75|7
43|76|3
43|77|2
43|78|6
43|79|7
43|80|10
43|81|1
43|82|1
43|83|2
43|84|2
43|85|3
43|86|2
43|87|9
43|88|10
43|89|6
43|90|5
43|91|2
43|92|6
43|93|5
43|94|2
43|95|9
43|96|2
43|97|10
43|98|4
43|99|7
43|100|5
43|101|5
43|102|8
43|103|7
43|104|8
43|105|5
43|106|1
43|107|3
43|108|8
43|109|7
44|45|6
44|46|2
44|47|7
44|48|4
44|49|7
44|50|8
44|51|3
44|52|4
44|53|9
44|54|10
44|55|3
44|56|9
44|57|3
44|58|7
44|59|8
44|60|1
44|61|7
44|62|2
44|63|4
44|64|10
44|65|6
44|66|6
44|67|2
44|68|7
44|69|1
44|70|6
44|71|9
44|72|6
44|73|10
44|74|9
44|75|10
44|76|1
44|77|6
44|78|1
44|79|1
44|80|5
44|81|4
44|82|4
44|83|1
44|84|8
44|85|3
44|86|10
44|87|5
44|88|6
44|89|4
44|90|10
44|91|6
44|92|8
44|93|6
44|94|2
44|95|6
44|96|7
44|97|7
44|98|3
44|99|3
44|100|7
44|101|4
44|102|3
44|103|8
44|104|6
44|105|2
44|106|5
44|107|8
44|108|9
44|109|1
45|46|7
45|47|6
45|48|6
45|49|8
45|50|6
45|51|1
45|52|7
45|53|6
45|54|1
45|55|5
45|56|6
45|57|1
45|58|4
45|59|7
45|60|6
45|61|8
45|62|8
45|63|4
45|64|8
45|65|2
45|66|4
45|67|2
45|68|4
45|69|10
45|70|10
45|71|4
45|72|5
45|73|10
45|74|2
45|75|7
45|76|6
45|77|8
45|78|8
45|79|5
45|80|2
45|81|9
45|82|5
45|83|4
45|84|1
45|85|1
45|86|7
45|87|10
45|88|6
45|89|6
45|90|2
45|91|4
45|92|6
45|93|5
45|94|7
45|95|3
45|96|4
45|97|3
45|98|7
45|99|1
45|100|9
45|101|10
45|102|7
45|103|5
45|104|3
45|105|3
45|106|4
45|107|8
45|108|10
45|109|4
46|47|1
46|48|3
46|49|4
46|50|2
46|51|4
46|52|10
46|53|10
46|54|5
46|55|2
46|56|8
46|57|3
46|58|6
46|59|2
46|60|2
46|61|6
46|62|6
46|63|4
46|64|3
46|65|8
46|66|9
46|67|5
46|68|6
46|69|1
46|70|6
46|71|7
46|72|3
46|73|6
46|74|2
46|75|8
46|76|3
46|77|10
46|78|2
46|79|3
46|80|4
46|81|5
46|82|1
46|83|9
46|84|7
46|85|10
46|86|4
46|87|4
46|88|7
46|89|8
46|90|6
46|91|5
46|92|10
46|93|3
46|94|3
46|95|2
46|96|4
46|97|9
46|98|6
46|99|4
46|100|4
46|101|6
46|102|6
46|103|2
46|104|7
46|105|10
46|106|9
46|107|3
46|108|4
46|109|5
47|48|9
47|49|4
47|50|8
47|51|7
47|52|2
47|53|9
47|54|10
47|55|7
47|56|9
47|57|3
47|58|2
47|59|2
47|60|5
47|61|5
47|62|9
47|63|3
47|64|9
47|65|3
47|66|9
47|67|2
47|68|8
47|69|1
47|70|2
47|71|1
47|72|7
47|73|10
47|74|6
47|75|3
47|76|6
47|77|6
47|78|2
47|79|8
47|80|5
47|81|4
47|82|1
47|83|7
47|84|4
47|85|7
47|86|7
47|87|2
47|88|1
47|89|4
47|90|6
47|91|4
47|92|3
47|93|1
47|94|3
47|95|10
47|96|9
47|97|9
47|98|7
47|99|6
47|100|3
47|101|4
47|102|10
47|103|1
47|104|10
47|105|9
47|106|5
47|107|8
47|108|4
47|109|7
48|49|1
48|50|3
48|51|9
48|52|5
48|53|6
48|54|9
48|55|7
48|56|5
48|57|1
48|58|1
48|59|9
48|60|2
48|61|3
48|62|9
48|63|2
48|64|2
48|65|5
48|66|1
48|67|5
48|68|6
48|69|7
48|70|3
48|71|2
48|72|7
48|73|3
48|74|7
48|75|1
48|76|10
48|77|4
48|78|8
48|79|6
48|80|8
48|81|7
48|82|4
48|83|6
48|84|5
48|85|8
48|86|6
48|87|6
48|88|1
48|89|2
48|90|5
48|91|1
48|92|2
48|93|1
48|94|9
48|95|1
48|96|6
48|97|7
48|98|10
48|99|2
48|100|5
48|101|10
48|102|1
48|103|3
48|104|6
48|105|3
48|106|7
48|107|6
48|108|1
48|109|1
49|50|7
49|51|7
49|52|5
49|53|3
49|54|2
49|55|2
49|56|5
49|57|9
49|58|1
49|59|1
49|60|8
49|61|4
49|62|3
49|63|7
49|64|10
49|65|4
49|66|7
49|67|7
49|68|6
49|69|9
49|70|6
49|71|7
49|72|6
49|73|10
49|74|3
49|75|8
49|76|8
49|77|9
49|78|7
49|79|6
49|80|4
49|81|4
49|82|10
49|83|5
49|84|3
49|85|5
49|86|10
49|87|5
49|88|7
49|89|6
49|90|6
49|91|3
49|92|3
49|93|7
49|94|10
49|95|1
49|96|6
49|97|7
49|98|6
49|99|10
49|100|7
49|101|5
49|102|9
49|103|9
49|104|4
49|105|4
49|106|2
49|107|8
49|108|7
49|109|5
50|51|4
50|52|7
50|53|7
50|54|1
50|55|4
50|56|10
50|57|9
50|58|3
50|59|1
50|60|1
50|61|5
50|62|4
50|63|3
50|64|2
50|65|3
50|66|4
50|67|1
50|68|1
50|69|8
50|70|1
50|71|5
50|72|4
50|73|8
50|74|8
50|75|3
50|76|5
50|77|9
50|78|5
50|79|5
50|80|6
50|81|2
50|82|2
50|83|5
50|84|6
50|85|7
50|86|4
50|87|9
50|88|6
50|89|9
50|90|1
50|91|7
50|92|5
50|93|5
50|94|8
50|95|6
50|96|3
50|97|9
50|98|7
50|99|3
50|100|2
50|101|4
50|102|7
50|103|5
50|104|5
50|105|7
50|106|3
50|107|5
50|108|5
50|109|10
51|52|10
51|53|6
51|54|6
51|55|2
51|56|4
51|57|1
51|58|5
51|59|8
51|60|9
51|61|8
51|62|5
51|63|8
51|64|5
51|65|5
51|66|2
51|67|2
51|68|1
51|69|2
51|70|10
51|71|6
51|72|3
51|73|7
51|74|5
51|75|3
51|76|9
51|77|2
51|78|7
51|79|9
51|80|7
51|81|1
51|82|4
51|83|10
51|84|6
51|85|3
51|86|6
51|87|2
51|88|5
51|89|9
51|90|10
51|91|5
51|92|2
51|93|1
51|94|4
51|95|7
51|96|9
51|97|4
51|98|4
51|99|1
51|100|9
51|101|5
51|102|1
51|103|4
51|104|4
51|105|9
51|106|4
51|107|3
51|108|1
51|109|5
52|53|8
52|54|6
52|55|2
52|56|9
52|57|4
52|58|10
52|59|6
52|60|5
52|61|3
52|62|2
52|63|6
52|64|9
52|65|10
52|66|5
52|67|10
52|68|5
52|69|2
52|70|8
52|71|3
52|72|2
52|73|8
52|74|1
52|75|10
52|76|1
52|77|9
52|78|4
52|79|7
52|80|6
52|81|3
52|82|8
52|83|3
52|84|2
52|85|1
52|86|8
52|87|4
52|88|3
52|89|1
52|90|5
52|91|5
52|92|4
52|93|7
52|94|9
52|95|4
52|96|9
52|97|6
52|98|1
52|99|2
52|100|6
52|101|9
52|102|10
52|103|7
52|104|1
52|105|3
52|106|10
52|107|5
52|108|8
52|109|10
53|54|8
53|55|9
53|56|1
53|57|8
53|58|1
53|59|4
53|60|8
53|61|1
53|62|4
53|63|6
53|64|1
53|65|7
53|66|10
53|67|2
53|68|1
53|69|6
53|70|4
53|71|2
53|72|8
53|73|8
53|74|2
53|75|7
53|76|9
53|77|6
53|78|7
53|79|10
53|80|4
53|81|7
53|82|8
53|83|1
53|84|10
53|85|6
53|86|4
53|87|7
53|88|8
53|89|1
53|90|10
53|91|8
53|92|3
53|93|3
53|94|9
53|95|8
53|96|3
53|97|8
53|98|1
53|99|8
53|100|10
53|101|4
53|102|6
53|103|8
53|104|9
53|105|9
53|106|6
53|107|9
53|108|5
53|109|4
54|55|3
54|56|4
54|57|10
54|58|3
54|59|5
54|60|7
54|61|5
54|62|9
54|63|2
54|64|8
54|65|2
54|66|5
54|67|8
54|68|7
54|69|1
54|70|7
54|71|10
54|72|8
54|73|10
54|74|9
54|75|4
54|76|6
54|77|2
54|78|5
54|79|6
54|80|5
54|81|3
54|82|3
54|83|1
54|84|2
54|85|6
54|86|6
54|87|9
54|88|6
54|89|7
54|90|5
54|91|2
54|92|1
54|93|3
54|94|1
54|95|2
54|96|10
54|97|9
54|98|10
54|99|2
54|100|3
54|101|7
54|102|9
54|103|7
54|104|7
54|105|1
54|106|9
54|107|10
54|108|8
54|109|10
55|56|5
55|57|9
55|58|4
55|59|5
55|60|8
55|61|10
55|62|7
55|63|3
55|64|1
55|65|6
55|66|8
55|67|9
55|68|7
55|69|6
55|70|4
55|71|5
55|72|3
55|73|2
55|74|10
55|75|4
55|76|10
55|77|6
55|78|6
55|79|8
55|80|10
55|81|10
55|82|10
55|83|7
55|84|8
55|85|10
55|86|4
55|87|8
55|88|8
55|89|4
55|90|3
55|91|8
55|92|6
55|93|10
55|94|2
55|95|10
55|96|6
55|97|10
55|98|9
55|99|9
55|100|3
55|101|5
55|102|6
55|103|10
55|104|8
55|105|1
55|106|3
55|107|2
55|108|6
55|109|7
56|57|5
56|58|3
56|59|3
56|60|7
56|61|1
56|62|8
56|63|10
56|64|1
56|65|2
56|66|2
56|67|3
56|68|7
56|69|4
56|70|5
56|71|3
56|72|7
56|73|2
56|74|7
56|75|4
56|76|8
56|77|5
56|78|10
56|79|6
56|80|2
56|81|8
56|82|3
56|83|2
56|84|1
56|85|1
56|86|1
56|87|4
56|88|9
56|89|6
56|90|2
56|91|9
56|92|3
56|93|6
56|94|8
56|95|8
56|96|2
56|97|3
56|98|5
56|99|7
56|100|5
56|101|4
56|102|4
56|103|1
56|104|5
56|105|7
56|106|5
56|107|8
56|108|10
56|109|7
57|58|4
57|59|10
57|60|2
57|61|1
57|62|3
57|63|5
57|64|5
57|65|2
57|66|1
57|67|7
57|68|10
57|69|1
57|70|3
57|71|9
57|72|9
57|73|7
57|74|9
57|75|9
57|76|7
57|77|3
57|78|9
57|79|6
57|80|4
57|81|4
57|82|4
57|83|9
57|84|1
57|85|2
57|86|1
57|87|9
57|88|10
57|89|3
57|90|9
57|91|2
57|92|7
57|93|6
57|94|5
57|95|5
57|96|6
57|97|10
57|98|1
57|99|1
57|100|2
57|101|5
57|102|5
57|103|9
57|104|5
57|105|7
57|106|9
57|107|6
57|108|7
57|109|6
58|59|2
58|60|9
58|61|8
58|62|1
58|63|9
58|64|8
58|65|1
58|66|9
58|67|6
58|68|10
58|69|7
58|70|9
58|71|4
58|72|10
58|73|4
58|74|8
58|75|5
58|76|1
58|77|10
58|78|8
58|79|7
58|80|3
58|81|10
58|82|8
58|83|7
58|84|2
58|85|2
58|86|4
58|87|9
58|88|2
58|89|9
58|90|4
58|91|4
58|92|1
58|93|5
58|94|6
58|95|5
58|96|5
58|97|6
58|98|3
58|99|2
58|100|10
58|101|7
58|102|10
58|103|10
58|104|7
58|105|2
58|106|10
58|107|3
58|108|1
58|109|10
59|60|10
59|61|10
59|62|10
59|63|1
59|64|9
59|65|10
59|66|3
59|67|5
59|68|1
59|69|7
59|70|4
59|71|5
59|72|4
59|73|3
59|74|9
59|75|8
59|76|1
59|77|1
59|78|7
59|79|9
59|80|5
59|81|9
59|82|1
59|83|4
59|84|9
59|85|2
59|86|10
59|87|3
59|88|9
59|89|5
59|90|7
59|91|9
59|92|4
59|93|2
59|94|2
59|95|7
59|96|10
59|97|3
59|98|1
59|99|6
59|100|7
59|101|2
59|102|10
59|103|3
59|104|7
59|105|2
59|106|2
59|107|6
59|108|9
59|109|2
60|61|4
60|62|9
60|63|9
60|64|5
60|65|5
60|66|5
60|67|8
60|68|9
60|69|3
60|70|10
60|71|4
60|72|7
60|73|4
60|74|7
60|75|4
60|76|7
60|77|9
60|78|4
60|79|10
60|80|8
60|81|5
60|82|1
60|83|4
60|84|4
60|85|2
60|86|7
60|87|1
60|88|8
60|89|4
60|90|8
60|91|7
60|92|2
60|93|3
60|94|5
60|95|2
60|96|7
60|97|4
60|98|3
60|99|5
60|100|10
60|101|7
60|102|9
60|103|4
60|104|10
60|105|10
60|106|10
60|107|10
60|108|6
60|109|4
61|62|9
61|63|6
61|64|1
61|65|10
61|66|4
61|67|10
61|68|5
61|69|3
61|70|6
61|71|6
61|72|10
61|73|8
61|74|8
61|75|7
61|76|2
61|77|2
61|78|3
61|79|10
61|80|7
61|81|1
61|82|10
61|83|2
61|84|10
61|85|10
61|86|1
61|87|1
61|88|9
61|89|1
61|90|2
61|91|5
61|92|8
61|93|6
61|94|1
61|95|2
61|96|9
61|97|6
61|98|1
61|99|6
61|100|3
61|101|8
61|102|8
61|103|9
61|104|4
61|105|8
61|106|7
61|107|10
61|108|4
61|109|4
62|63|9
62|64|5
62|65|8
62|66|7
62|67|9
62|68|7
62|69|1
62|70|7
62|71|4
62|72|2
62|73|3
62|74|1
62|75|4
62|76|3
62|77|9
62|78|3
62|79|4
62|80|9
62|81|10
62|82|7
62|83|10
62|84|7
62|85|5
62|86|5
62|87|8
62|88|6
62|89|8
62|90|10
62|91|5
62|92|1
62|93|9
62|94|10
62|95|4
62|96|1
62|97|7
62|98|10
62|99|6
62|100|8
62|101|1
62|102|5
62|103|1
62|104|1
62|105|9
62|106|3
62|107|4
62|108|1
62|109|10
63|64|3
63|65|4
63|66|7
63|67|3
63|68|2
63|69|6
63|70|7
63|71|9
63|72|8
63|73|3
63|74|2
63|75|8
63|76|2
63|77|10
63|78|3
63|79|5
63|80|2
63|81|1
63|82|2
63|83|4
63|84|9
63|85|5
63|86|4
63|87|1
63|88|2
63|89|4
63|90|3
63|91|4
63|92|9
63|93|8
63|94|4
63|95|5
63|96|2
63|97|9
63|98|8
63|99|1
63|100|3
63|101|7
63|102|4
63|103|4
63|104|8
63|105|7
63|106|4
63|107|2
63|108|4
63|109|2
64|65|3
64|66|4
64|67|8
64|68|4
64|69|1
64|70|9
64|71|1
64|72|5
64|73|4
64|74|5
64|75|10
64|76|9
64|77|2
64|78|8
64|79|7
64|80|9
64|81|9
64|82|4
64|83|7
64|84|1
64|85|8
64|86|10
64|87|4
64|88|3
64|89|7
64|90|10
64|91|8
64|92|3
64|93|6
64|94|3
64|95|4
64|96|7
64|97|9
64|98|7
64|99|8
64|100|8
64|101|5
64|102|2
64|103|8
64|104|6
64|105|9
64|106|4
64|107|1
64|108|7
64|109|7
65|66|10
65|67|9
65|68|2
65|69|7
65|70|2
65|71|5
65|72|9
65|73|4
65|74|2
65|75|6
65|76|10
65|77|6
65|78|6
65|79|1
65|80|4
65|81|10
65|82|1
65|83|1
65|84|5
65|85|5
65|86|7
65|87|10
65|88|7
65|89|10
65|90|9
65|91|1
65|92|6
65|93|2
65|94|8
65|95|7
65|96|1
65|97|6
65|98|1
65|99|2
65|100|2
65|101|1
65|102|9
65|103|4
65|104|7
65|105|9
65|106|3
65|107|4
65|108|6
65|109|6
66|67|9
66|68|2
66|69|3
66|70|7
66|71|10
66|72|3
66|73|1
66|74|2
66|75|6
66|76|3
66|77|10
66|78|6
66|79|9
66|80|1
66|81|10
66|82|9
66|83|8
66|84|2
66|85|3
66|86|9
66|87|8
66|88|5
66|89|1
66|90|6
66|91|9
66|92|6
66|93|1
66|94|9
66|95|1
66|96|7
66|97|8
66|98|8
66|99|10
66|100|9
66|101|3
66|102|1
66|103|2
66|104|4
66|105|8
66|106|9
66|107|5
66|108|1
66|109|3
67|68|7
67|69|4
67|70|4
67|71|3
67|72|4
67|73|5
67|74|4
67|75|10
67|76|6
67|77|8
67|78|6
67|79|3
67|80|6
67|81|10
67|82|5
67|83|10
67|84|9
67|85|2
67|86|5
67|87|2
67|88|6
67|89|2
67|90|5
67|91|5
67|92|9
67|93|7
67|94|3
67|95|8
67|96|9
67|97|9
67|98|2
67|99|7
67|100|2
67|101|3
67|102|3
67|103|10
67|104|4
67|105|6
67|106|2
67|107|3
67|108|9
67|109|4
68|69|3
68|70|10
68|71|7
68|72|1
68|73|8
68|74|1
68|75|2
68|76|4
68|77|6
68|78|8
68|79|8
68|80|4
68|81|10
68|82|9
68|83|6
68|84|9
68|85|5
68|86|2
68|87|7
68|88|9
68|89|6
68|90|1
68|91|10
68|92|2
68|93|8
68|94|6
68|95|2
68|96|8
68|97|2
68|98|1
68|99|7
68|100|2
68|101|5
68|102|2
68|103|10
68|104|3
68|105|7
68|106|8
68|107|9
68|108|4
68|109|3
69|70|8
69|71|4
69|72|10
69|73|6
69|74|3
69|75|10
69|76|3
69|77|1
69|78|1
69|79|6
69|80|9
69|81|3
69|82|10
69|83|7
69|84|6
69|85|7
69|86|10
69|87|8
69|88|6
69|89|5
69|90|5
69|91|6
69|92|6
69|93|9
69|94|3
69|95|7
69|96|1
69|97|8
69|98|10
69|99|9
69|100|7
69|101|1
69|102|4
69|103|7
69|104|4
69|105|6
69|106|4
69|107|2
69|108|7
69|109|8
70|71|3
70|72|5
70|73|8
70|74|2
70|75|3
70|76|4
70|77|7
70|78|5
70|79|3
70|80|6
70|81|2
70|82|4
70|83|9
70|84|8
70|85|9
70|86|9
70|87|7
70|88|2
70|89|6
70|90|8
70|91|7
70|92|8
70|93|8
70|94|4
70|95|3
70|96|7
70|97|4
70|98|10
70|99|1
70|100|9
70|101|1
70|102|8
70|103|8
70|104|8
70|105|4
70|106|9
70|107|1
70|108|6
70|109|10
71|72|4
71|73|6
71|74|3
71|75|4
71|76|10
71|77|8
71|78|3
71|79|2
71|80|7
71|81|4
71|82|9
71|83|4
71|84|7
71|85|5
71|86|4
71|87|2
71|88|10
71|89|8
71|90|3
71|91|6
71|92|10
71|93|7
71|94|5
71|95|10
71|96|8
71|97|7
71|98|5
71|99|5
71|100|3
71|101|10
71|102|10
71|103|7
71|104|2
71|105|1
71|106|6
71|107|10
71|108|8
71|109|3
72|73|9
72|74|10
72|75|9
72|76|6
72|77|7
72|78|2
72|79|9
72|80|3
72|81|4
72|82|8
72|83|7
72|84|4
72|85|6
72|86|3
72|87|6
72|88|9
72|89|2
72|90|2
72|91|10
72|92|3
72|93|4
72|94|5
72|95|8
72|96|10
72|97|1
72|98|5
72|99|1
72|100|10
72|101|8
72|102|3
72|103|8
72|104|3
72|105|1
72|106|1
72|107|8
72|108|2
72|109|10
73|74|10
73|75|3
73|76|7
73|77|3
73|78|10
73|79|10
73|80|4
73|81|6
73|82|2
73|83|5
73|84|1
73|85|2
73|86|5
73|87|8
73|88|6
73|89|6
73|90|4
73|91|8
73|92|2
73|93|1
73|94|9
73|95|1
73|96|1
73|97|5
73|98|8
73|99|8
73|100|10
73|101|7
73|102|9
73|103|10
73|104|8
73|105|8
73|106|6
73|107|6
73|108|7
73|109|3
74|75|2
74|76|6
74|77|9
74|78|2
74|79|4
74|80|9
74|81|8
74|82|9
74|83|10
74|84|6
74|85|6
74|86|2
74|87|6
74|88|3
74|89|9
74|90|6
74|91|2
74|92|9
74|93|1
74|94|8
74|95|6
74|96|3
74|97|9
74|98|4
74|99|10
74|100|8
74|101|1
74|102|1
74|103|3
74|104|9
74|105|9
74|106|4
74|107|8
74|108|6
74|109|8
75|76|10
75|77|6
75|78|7
75|79|2
75|80|9
75|81|10
75|82|9
75|83|8
75|84|10
75|85|6
75|86|9
75|87|6
75|88|5
75|89|2
75|90|5
75|91|5
75|92|3
75|93|9
75|94|9
75|95|9
75|96|9
75|97|7
75|98|10
75|99|1
75|100|2
75|101|3
75|102|4
75|103|6
75|104|6
75|105|9
75|106|10
75|107|7
75|108|2
75|109|1
76|77|8
76|78|4
76|79|10
76|80|6
76|81|7
76|82|10
76|83|2
76|84|5
76|85|10
76|86|3
76|87|10
76|88|2
76|89|9
76|90|5
76|91|10
76|92|4
76|93|9
76|94|10
76|95|9
76|96|10
76|97|1
76|98|4
76|99|2
76|100|3
76|101|3
76|102|7
76|103|4
76|104|10
76|105|8
76|106|5
76|107|1
76|108|6
76|109|5
77|78|4
77|79|9
77|80|2
77|81|2
77|82|4
77|83|5
77|84|5
77|85|9
77|86|4
77|87|6
77|88|3
77|89|3
77|90|2
77|91|10
77|92|9
77|93|2
77|94|9
77|95|7
77|96|1
77|97|4
77|98|8
77|99|7
77|100|8
77|101|4
77|102|7
77|103|3
77|104|8
77|105|5
77|106|2
77|107|1
77|108|7
77|109|7
78|79|3
78|80|5
78|81|2
78|82|7
78|83|4
78|84|7
78|85|6
78|86|1
78|87|6
78|88|9
78|89|4
78|90|8
78|91|5
78|92|10
78|93|7
78|94|9
78|95|8
78|96|3
78|97|1
78|98|3
78|99|8
78|100|1
78|101|1
78|102|4
78|103|2
78|104|9
78|105|9
78|106|6
78|107|1
78|108|10
78|109|5
79|80|5
79|81|9
79|82|2
79|83|9
79|84|4
79|85|7
79|86|6
79|87|1
79|88|6
79|89|9
79|90|3
79|91|1
79|92|10
79|93|6
79|94|6
79|95|6
79|96|4
79|97|6
79|98|5
79|99|5
79|100|7
79|101|1
79|102|1
79|103|7
79|104|4
79|105|2
79|106|9
79|107|3
79|108|9
79|109|8
80|81|2
80|82|3
80|83|6
80|84|1
80|85|7
80|86|4
80|87|2
80|88|2
80|89|5
80|90|5
80|91|4
80|92|6
80|93|3
80|94|6
80|95|7
80|96|5
80|97|2
80|98|5
80|99|5
80|100|7
80|101|7
80|102|2
80|103|10
80|104|1
80|105|7
80|106|6
80|107|4
80|108|6
80|109|2
81|82|1
81|83|7
81|84|4
81|85|6
81|86|6
81|87|7
81|88|6
81|89|10
81|90|1
81|91|2
81|92|10
81|93|7
81|94|8
81|95|2
81|96|6
81|97|6
81|98|4
81|99|1
81|100|4
81|101|2
81|102|2
81|103|2
81|104|1
81|105|10
81|106|8
81|107|10
81|108|2
81|109|7
82|83|6
82|84|6
82|85|4
82|86|4
82|87|7
82|88|3
82|89|2
82|90|10
82|91|3
82|92|4
82|93|10
82|94|9
82|95|6
82|96|5
82|97|8
82|98|8
82|99|4
82|100|7
82|101|7
82|102|2
82|103|7
82|104|8
82|105|7
82|106|1
82|107|1
82|108|2
82|109|7
83|84|3
83|85|6
83|86|1
83|87|5
83|88|4
83|89|8
83|90|8
83|91|7
83|92|4
83|93|8
83|94|1
83|95|7
83|96|4
83|97|6
83|98|3
83|99|4
83|100|10
83|101|7
83|102|9
83|103|1
83|104|3
83|105|1
83|106|9
83|107|3
83|108|5
83|109|3
84|85|8
84|86|8
84|87|4
84|88|8
84|89|4
84|90|9
84|91|1
84|92|4
84|93|7
84|94|1
84|95|2
84|96|6
84|97|2
84|98|5
84|99|8
84|100|6
84|101|7
84|102|1
84|103|4
84|104|10
84|105|8
84|106|3
84|107|8
84|108|8
84|109|2
85|86|3
85|87|8
85|88|4
85|89|5
85|90|9
85|91|6
85|92|2
85|93|3
85|94|5
85|95|4
85|96|4
85|97|7
85|98|4
85|99|6
85|100|3
85|101|5
85|102|3
85|103|4
85|104|3
85|105|2
85|106|8
85|107|6
85|108|6
85|109|10
86|87|6
86|88|6
86|89|4
86|90|8
86|91|9
86|92|1
86|93|4
86|94|9
86|95|10
86|96|3
86|97|9
86|98|9
86|99|2
86|100|6
86|101|3
86|102|1
86|103|1
86|104|3
86|105|7
86|106|8
86|107|9
86|108|2
86|109|4
87|88|4
87|89|7
87|90|8
87|91|2
87|92|9
87|93|4
87|94|10
87|95|2
87|96|1
87|97|3
87|98|4
87|99|8
87|100|8
87|101|8
87|102|9
87|103|4
87|104|8
87|105|6
87|106|5
87|107|8
87|108|7
87|109|7
88|89|2
88|90|10
88|91|6
88|92|8
88|93|2
88|94|1
88|95|9
88|96|1
88|97|3
88|98|1
88|99|10
88|100|3
88|101|7
88|102|7
88|103|7
88|104|5
88|105|6
88|106|4
88|107|8
88|108|10
88|109|7
89|90|8
89|91|3
89|92|8
89|93|7
89|94|6
89|95|6
89|96|1
89|97|10
89|98|10
89|99|4
89|100|1
89|101|10
89|102|7
89|103|3
89|104|10
89|105|9
89|106|8
89|107|6
89|108|4
89|109|5
90|91|1
90|92|4
90|93|3
90|94|8
90|95|7
90|96|6
90|97|1
90|98|10
90|99|2
90|100|3
90|101|10
90|102|4
90|103|8
90|104|9
90|105|10
90|106|10
90|107|10
90|108|1
90|109|1
91|92|10
91|93|3
91|94|2
91|95|1
91|96|1
91|97|9
91|98|10
91|99|1
91|100|10
91|101|5
91|102|10
91|103|1
91|104|9
91|105|9
91|106|10
91|107|6
91|108|1
91|109|10
92|93|7
92|94|3
92|95|9
92|96|7
92|97|9
92|98|7
92|99|3
92|100|9
92|101|5
92|102|9
92|103|4
92|104|3
92|105|3
92|106|9
92|107|7
92|108|4
92|109|3
93|94|2
93|95|6
93|96|6
93|97|5
93|98|10
93|99|9
93|100|1
93|101|4
93|102|10
93|103|10
93|104|7
93|105|8
93|106|7
93|107|5
93|108|10
93|109|7
94|95|10
94|96|4
94|97|9
94|98|10
94|99|2
94|100|8
94|101|5
94|102|2
94|103|7
94|104|7
94|105|5
94|106|6
94|107|2
94|108|6
94|109|1
95|96|9
95|97|9
95|98|8
95|99|6
95|100|1
95|101|1
95|102|7
95|103|10
95|104|2
95|105|8
95|106|4
95|107|7
95|108|2
95|109|7
96|97|3
96|98|4
96|99|1
96|100|5
96|101|6
96|102|2
96|103|1
96|104|3
96|105|5
96|106|1
96|107|8
96|108|10
96|109|7
97|98|9
97|99|7
97|100|3
97|101|8
97|102|8
97|103|3
97|104|4
97|105|7
97|106|10
97|107|8
97|108|4
97|109|1
98|99|9
98|100|8
98|101|7
98|102|6
98|103|9
98|104|6
98|105|2
98|106|5
98|107|3
98|108|8
98|109|6
99|100|7
99|101|6
99|102|10
99|103|8
99|104|9
99|105|10
99|106|2
99|107|7
99|108|6
99|109|9
100|101|6
100|102|3
100|103|1
100|104|3
100|105|5
100|106|4
100|107|10
100|108|1
100|109|7
101|102|1
101|103|2
101|104|9
101|105|6
101|106|9
101|107|6
101|108|10
101|109|10
102|103|1
102|104|3
102|105|9
102|106|6
102|107|10
102|108|3
102|109|6
103|104|1
103|105|5
103|106|7
103|107|4
103|108|1
103|109|10
104|105|1
104|106|10
104|107|5
104|108|1
104|109|10
105|106|8
105|107|4
105|108|10
105|109|7
106|107|10
106|108|8
106|109|3
107|108|9
107|109|2
108|109|7
